input_layer          [5,3] [      1.00,     2.00,     3.00 ;     4.00,     5.00,     6.00 ;     7.00,     8.00,     9.00 ;    10.00,    11.00,    12.00 ;    13.00,    14.00,    15.00 ] 
Y                    [5,1] [      1.00 ;     1.00 ;     1.00 ;     2.00 ;     2.00 ] 
hiddenLayerSizeNoBias [1,1] [      3.00 ] 
initialTheta1        [3,4] [      0.68,     0.39,     0.61,    -0.03 ;     0.99,     0.21,    -0.36,     0.83 ;     0.20,     0.57,    -0.09,     0.14 ] 
initialTheta2        [2,4] [     -0.46,     0.83,    -0.12,     0.58 ;     0.35,    -0.10,     0.43,    -0.51 ] 
initialNNParams      [20,1] [      0.68 ;     0.99 ;     0.20 ;     0.39 ;     0.21 ;     0.57 ;     0.61 ;    -0.36 ;    -0.09 ;    -0.03 ;     0.83 ;     0.14 ;    -0.46 ;     0.35 ;     0.83 ;    -0.10 ;    -0.12 ;     0.43 ;     0.58 ;    -0.51 ] 
inputLayerSizeWithBias [1,1] [      4.00 ] 
hiddenLayerSizeWithBias [1,1] [      4.00 ] 
theta1               [3,4] [      0.68,     0.39,     0.61,    -0.03 ;     0.99,     0.21,    -0.36,     0.83 ;     0.20,     0.57,    -0.09,     0.14 ] 
theta2               [2,4] [     -0.46,     0.83,    -0.12,     0.58 ;     0.35,    -0.10,     0.43,    -0.51 ] 
inputLayerWithBias   [5,4] [      1.00,     1.00,     2.00,     3.00 ;     1.00,     4.00,     5.00,     6.00 ;     1.00,     7.00,     8.00,     9.00 ;     1.00,    10.00,    11.00,    12.00 ;     1.00,    13.00,    14.00,    15.00 ] 
inputTimesTheta1     [3,5] [      2.21,     5.12,     8.03,    10.94,    13.85 ;     2.97,     5.01,     7.05,     9.10,    11.14 ;     1.00,     2.85,     4.70,     6.55,     8.40 ] 
hiddenLayerNoBias    [3,5] [      0.90,     0.99,     1.00,     1.00,     1.00 ;     0.95,     0.99,     1.00,     1.00,     1.00 ;     0.73,     0.95,     0.99,     1.00,     1.00 ] 
hiddenLayerWithBias  [4,5] [      1.00,     1.00,     1.00,     1.00,     1.00 ;     0.90,     0.99,     1.00,     1.00,     1.00 ;     0.95,     0.99,     1.00,     1.00,     1.00 ;     0.73,     0.95,     0.99,     1.00,     1.00 ] 
hiddenTimesTheta2    [2,5] [      0.60,     0.80,     0.83,     0.83,     0.83 ;     0.29,     0.19,     0.17,     0.17,     0.17 ] 
outputLayer          [2,5] [      0.65,     0.69,     0.70,     0.70,     0.70 ;     0.57,     0.55,     0.54,     0.54,     0.54 ] 
outputDerivative     [2,5] [      0.00,     0.00,     0.00,     0.00,     0.00 ;     0.00,     0.00,     0.00,     0.00,     0.00 ] 
theta1NoBias         [3,3] [      0.39,     0.61,    -0.03 ;     0.21,    -0.36,     0.83 ;     0.57,    -0.09,     0.14 ] 
theta2NoBias         [2,3] [      0.83,    -0.12,     0.58 ;    -0.10,     0.43,    -0.51 ] 
cost =  1.4428
hiddenDerivativeWithBias [4,5] [      0.36,     0.33,     0.33,    -0.48,    -0.48 ;    -0.35,    -0.31,    -0.31,     0.63,     0.63 ;     0.29,     0.27,     0.27,    -0.28,    -0.28 ;    -0.50,    -0.46,    -0.45,     0.64,     0.64 ] 
hiddenDerivativeWithBias [4,5] [      0.07,     0.07,     0.06,    -0.09,    -0.09 ;    -0.03,    -0.00,    -0.00,     0.00,     0.00 ;     0.01,     0.00,     0.00,    -0.00,    -0.00 ;    -0.10,    -0.02,    -0.00,     0.00,     0.00 ] 
hiddenDerivativeNoBias [3,5] [     -0.03,    -0.00,    -0.00,     0.00,     0.00 ;     0.01,     0.00,     0.00,    -0.00,    -0.00 ;    -0.10,    -0.02,    -0.00,     0.00,     0.00 ] 
theta1Grad           [3,4] [     -0.01,    -0.01,    -0.01,    -0.02 ;     0.00,     0.00,     0.01,     0.01 ;    -0.02,    -0.04,    -0.07,    -0.09 ] 
theta2Grad           [2,4] [      0.09,     0.09,     0.09,     0.11 ;     0.15,     0.14,     0.14,     0.11 ] 
grad                 [20,1] [     -0.01 ;     0.00 ;    -0.02 ;    -0.01 ;     0.00 ;    -0.04 ;    -0.01 ;     0.01 ;    -0.07 ;    -0.02 ;     0.01 ;    -0.09 ;     0.09 ;     0.15 ;     0.09 ;     0.14 ;     0.09 ;     0.14 ;     0.11 ;     0.11 ] 
==============================
inputLayerSizeWithBias [1,1] [      4.00 ] 
hiddenLayerSizeWithBias [1,1] [      4.00 ] 
theta1               [3,4] [      0.69,     0.40,     0.62,    -0.01 ;     0.98,     0.21,    -0.36,     0.82 ;     0.22,     0.61,    -0.03,     0.22 ] 
theta2               [2,4] [     -0.53,     0.75,    -0.20,     0.49 ;     0.21,    -0.22,     0.30,    -0.61 ] 
inputLayerWithBias   [5,4] [      1.00,     1.00,     2.00,     3.00 ;     1.00,     4.00,     5.00,     6.00 ;     1.00,     7.00,     8.00,     9.00 ;     1.00,    10.00,    11.00,    12.00 ;     1.00,    13.00,    14.00,    15.00 ] 
inputTimesTheta1     [3,5] [      2.30,     5.33,     8.35,    11.38,    14.41 ;     2.92,     4.90,     6.89,     8.87,    10.86 ;     1.42,     3.81,     6.19,     8.58,    10.96 ] 
hiddenLayerNoBias    [3,5] [      0.91,     1.00,     1.00,     1.00,     1.00 ;     0.95,     0.99,     1.00,     1.00,     1.00 ;     0.81,     0.98,     1.00,     1.00,     1.00 ] 
hiddenLayerWithBias  [4,5] [      1.00,     1.00,     1.00,     1.00,     1.00 ;     0.91,     1.00,     1.00,     1.00,     1.00 ;     0.95,     0.99,     1.00,     1.00,     1.00 ;     0.81,     0.98,     1.00,     1.00,     1.00 ] 
hiddenTimesTheta2    [2,5] [      0.35,     0.49,     0.50,     0.50,     0.50 ;    -0.19,    -0.30,    -0.31,    -0.31,    -0.31 ] 
outputLayer          [2,5] [      0.59,     0.62,     0.62,     0.62,     0.62 ;     0.45,     0.43,     0.42,     0.42,     0.42 ] 
outputDerivative     [2,5] [      0.00,     0.00,     0.00,     0.00,     0.00 ;     0.00,     0.00,     0.00,     0.00,     0.00 ] 
theta1NoBias         [3,3] [      0.40,     0.62,    -0.01 ;     0.21,    -0.36,     0.82 ;     0.61,    -0.03,     0.22 ] 
theta2NoBias         [2,3] [      0.75,    -0.20,     0.49 ;    -0.22,     0.30,    -0.61 ] 
cost =  1.3731
hiddenDerivativeWithBias [4,5] [      0.32,     0.29,     0.29,    -0.46,    -0.46 ;    -0.41,    -0.38,    -0.38,     0.59,     0.59 ;     0.22,     0.20,     0.20,    -0.30,    -0.30 ;    -0.48,    -0.44,    -0.44,     0.65,     0.65 ] 
hiddenDerivativeWithBias [4,5] [      0.06,     0.06,     0.06,    -0.09,    -0.09 ;    -0.03,    -0.00,    -0.00,     0.00,     0.00 ;     0.01,     0.00,     0.00,    -0.00,    -0.00 ;    -0.07,    -0.01,    -0.00,     0.00,     0.00 ] 
hiddenDerivativeNoBias [3,5] [     -0.03,    -0.00,    -0.00,     0.00,     0.00 ;     0.01,     0.00,     0.00,    -0.00,    -0.00 ;    -0.07,    -0.01,    -0.00,     0.00,     0.00 ] 
theta1Grad           [3,4] [     -0.01,    -0.01,    -0.02,    -0.02 ;     0.00,     0.00,     0.01,     0.01 ;    -0.02,    -0.02,    -0.04,    -0.06 ] 
theta2Grad           [2,4] [      0.01,     0.02,     0.02,     0.03 ;     0.03,     0.02,     0.02,     0.01 ] 
grad                 [20,1] [     -0.01 ;     0.00 ;    -0.02 ;    -0.01 ;     0.00 ;    -0.02 ;    -0.02 ;     0.01 ;    -0.04 ;    -0.02 ;     0.01 ;    -0.06 ;     0.01 ;     0.03 ;     0.02 ;     0.02 ;     0.02 ;     0.02 ;     0.03 ;     0.01 ] 
==============================
Iteration     1 | Cost: 1.373065e+00
inputLayerSizeWithBias [1,1] [      4.00 ] 
hiddenLayerSizeWithBias [1,1] [      4.00 ] 
theta1               [3,4] [      0.80,     0.53,     0.86,     0.35 ;     0.95,     0.15,    -0.45,     0.69 ;     0.46,     0.92,     0.52,     1.01 ] 
theta2               [2,4] [     -0.56,     0.60,    -0.31,     0.19 ;     0.11,    -0.20,     0.28,    -0.46 ] 
inputLayerWithBias   [5,4] [      1.00,     1.00,     2.00,     3.00 ;     1.00,     4.00,     5.00,     6.00 ;     1.00,     7.00,     8.00,     9.00 ;     1.00,    10.00,    11.00,    12.00 ;     1.00,    13.00,    14.00,    15.00 ] 
inputTimesTheta1     [3,5] [      4.11,     9.33,    14.55,    19.77,    25.00 ;     2.28,     3.46,     4.65,     5.83,     7.02 ;     5.46,    12.82,    20.18,    27.53,    34.89 ] 
hiddenLayerNoBias    [3,5] [      0.98,     1.00,     1.00,     1.00,     1.00 ;     0.91,     0.97,     0.99,     1.00,     1.00 ;     1.00,     1.00,     1.00,     1.00,     1.00 ] 
hiddenLayerWithBias  [4,5] [      1.00,     1.00,     1.00,     1.00,     1.00 ;     0.98,     1.00,     1.00,     1.00,     1.00 ;     0.91,     0.97,     0.99,     1.00,     1.00 ;     1.00,     1.00,     1.00,     1.00,     1.00 ] 
hiddenTimesTheta2    [2,5] [     -0.06,    -0.07,    -0.08,    -0.08,    -0.08 ;    -0.29,    -0.27,    -0.27,    -0.27,    -0.26 ] 
outputLayer          [2,5] [      0.48,     0.48,     0.48,     0.48,     0.48 ;     0.43,     0.43,     0.43,     0.43,     0.43 ] 
outputDerivative     [2,5] [      0.00,     0.00,     0.00,     0.00,     0.00 ;     0.00,     0.00,     0.00,     0.00,     0.00 ] 
theta1NoBias         [3,3] [      0.53,     0.86,     0.35 ;     0.15,    -0.45,     0.69 ;     0.92,     0.52,     1.01 ] 
theta2NoBias         [2,3] [      0.60,    -0.31,     0.19 ;    -0.20,     0.28,    -0.46 ] 
cost =  1.3718
hiddenDerivativeWithBias [4,5] [      0.34,     0.34,     0.34,    -0.33,    -0.33 ;    -0.39,    -0.39,    -0.40,     0.40,     0.40 ;     0.28,     0.28,     0.28,    -0.30,    -0.30 ;    -0.30,    -0.30,    -0.30,     0.35,     0.35 ] 
hiddenDerivativeWithBias [4,5] [      0.07,     0.07,     0.07,    -0.07,    -0.07 ;    -0.01,    -0.00,    -0.00,     0.00,     0.00 ;     0.02,     0.01,     0.00,    -0.00,    -0.00 ;    -0.00,    -0.00,    -0.00,     0.00,     0.00 ] 
hiddenDerivativeNoBias [3,5] [     -0.01,    -0.00,    -0.00,     0.00,     0.00 ;     0.02,     0.01,     0.00,    -0.00,    -0.00 ;    -0.00,    -0.00,    -0.00,     0.00,     0.00 ] 
theta1Grad           [3,4] [     -0.00,    -0.00,    -0.00,    -0.00 ;     0.01,     0.01,     0.02,     0.03 ;    -0.00,    -0.00,    -0.00,    -0.00 ] 
theta2Grad           [2,4] [     -0.12,    -0.12,    -0.11,    -0.12 ;     0.03,     0.03,     0.02,     0.03 ] 
grad                 [20,1] [     -0.00 ;     0.01 ;    -0.00 ;    -0.00 ;     0.01 ;    -0.00 ;    -0.00 ;     0.02 ;    -0.00 ;    -0.00 ;     0.03 ;    -0.00 ;    -0.12 ;     0.03 ;    -0.12 ;     0.03 ;    -0.11 ;     0.02 ;    -0.12 ;     0.03 ] 
==============================
inputLayerSizeWithBias [1,1] [      4.00 ] 
hiddenLayerSizeWithBias [1,1] [      4.00 ] 
theta1               [3,4] [      0.74,     0.45,     0.73,     0.15 ;     0.97,     0.18,    -0.40,     0.76 ;     0.33,     0.75,     0.21,     0.57 ] 
theta2               [2,4] [     -0.55,     0.69,    -0.25,     0.36 ;     0.17,    -0.21,     0.29,    -0.54 ] 
inputLayerWithBias   [5,4] [      1.00,     1.00,     2.00,     3.00 ;     1.00,     4.00,     5.00,     6.00 ;     1.00,     7.00,     8.00,     9.00 ;     1.00,    10.00,    11.00,    12.00 ;     1.00,    13.00,    14.00,    15.00 ] 
inputTimesTheta1     [3,5] [      3.09,     7.08,    11.07,    15.06,    19.05 ;     2.64,     4.27,     5.91,     7.54,     9.17 ;     3.19,     7.76,    12.32,    16.89,    21.46 ] 
hiddenLayerNoBias    [3,5] [      0.96,     1.00,     1.00,     1.00,     1.00 ;     0.93,     0.99,     1.00,     1.00,     1.00 ;     0.96,     1.00,     1.00,     1.00,     1.00 ] 
hiddenLayerWithBias  [4,5] [      1.00,     1.00,     1.00,     1.00,     1.00 ;     0.96,     1.00,     1.00,     1.00,     1.00 ;     0.93,     0.99,     1.00,     1.00,     1.00 ;     0.96,     1.00,     1.00,     1.00,     1.00 ] 
hiddenTimesTheta2    [2,5] [      0.22,     0.25,     0.25,     0.25,     0.25 ;    -0.28,    -0.30,    -0.29,    -0.29,    -0.29 ] 
outputLayer          [2,5] [      0.55,     0.56,     0.56,     0.56,     0.56 ;     0.43,     0.43,     0.43,     0.43,     0.43 ] 
outputDerivative     [2,5] [      0.00,     0.00,     0.00,     0.00,     0.00 ;     0.00,     0.00,     0.00,     0.00,     0.00 ] 
theta1NoBias         [3,3] [      0.45,     0.73,     0.15 ;     0.18,    -0.40,     0.76 ;     0.75,     0.21,     0.57 ] 
theta2NoBias         [2,3] [      0.69,    -0.25,     0.36 ;    -0.21,     0.29,    -0.54 ] 
cost =  1.3534
hiddenDerivativeWithBias [4,5] [      0.32,     0.31,     0.31,    -0.40,    -0.40 ;    -0.39,    -0.39,    -0.39,     0.50,     0.50 ;     0.24,     0.23,     0.23,    -0.31,    -0.31 ;    -0.39,    -0.39,    -0.39,     0.51,     0.51 ] 
hiddenDerivativeWithBias [4,5] [      0.06,     0.06,     0.06,    -0.08,    -0.08 ;    -0.02,    -0.00,    -0.00,     0.00,     0.00 ;     0.01,     0.00,     0.00,    -0.00,    -0.00 ;    -0.01,    -0.00,    -0.00,     0.00,     0.00 ] 
hiddenDerivativeNoBias [3,5] [     -0.02,    -0.00,    -0.00,     0.00,     0.00 ;     0.01,     0.00,     0.00,    -0.00,    -0.00 ;    -0.01,    -0.00,    -0.00,     0.00,     0.00 ] 
theta1Grad           [3,4] [     -0.00,    -0.00,    -0.01,    -0.01 ;     0.00,     0.01,     0.01,     0.01 ;    -0.00,    -0.00,    -0.01,    -0.01 ] 
theta2Grad           [2,4] [     -0.04,    -0.04,    -0.03,    -0.04 ;     0.03,     0.02,     0.02,     0.02 ] 
grad                 [20,1] [     -0.00 ;     0.00 ;    -0.00 ;    -0.00 ;     0.01 ;    -0.00 ;    -0.01 ;     0.01 ;    -0.01 ;    -0.01 ;     0.01 ;    -0.01 ;    -0.04 ;     0.03 ;    -0.04 ;     0.02 ;    -0.03 ;     0.02 ;    -0.04 ;     0.02 ] 
==============================
Iteration     2 | Cost: 1.353377e+00
inputLayerSizeWithBias [1,1] [      4.00 ] 
hiddenLayerSizeWithBias [1,1] [      4.00 ] 
theta1               [3,4] [      0.79,     0.51,     0.83,     0.30 ;     0.94,     0.14,    -0.48,     0.66 ;     0.40,     0.84,     0.38,     0.81 ] 
theta2               [2,4] [     -0.32,     0.86,    -0.08,     0.50 ;    -0.02,    -0.35,     0.16,    -0.65 ] 
inputLayerWithBias   [5,4] [      1.00,     1.00,     2.00,     3.00 ;     1.00,     4.00,     5.00,     6.00 ;     1.00,     7.00,     8.00,     9.00 ;     1.00,    10.00,    11.00,    12.00 ;     1.00,    13.00,    14.00,    15.00 ] 
inputTimesTheta1     [3,5] [      3.83,     8.71,    13.59,    18.47,    23.35 ;     2.08,     3.01,     3.94,     4.87,     5.80 ;     4.42,    10.50,    16.58,    22.66,    28.73 ] 
hiddenLayerNoBias    [3,5] [      0.98,     1.00,     1.00,     1.00,     1.00 ;     0.89,     0.95,     0.98,     0.99,     1.00 ;     0.99,     1.00,     1.00,     1.00,     1.00 ] 
hiddenLayerWithBias  [4,5] [      1.00,     1.00,     1.00,     1.00,     1.00 ;     0.98,     1.00,     1.00,     1.00,     1.00 ;     0.89,     0.95,     0.98,     0.99,     1.00 ;     0.99,     1.00,     1.00,     1.00,     1.00 ] 
hiddenTimesTheta2    [2,5] [      0.95,     0.97,     0.97,     0.97,     0.97 ;    -0.86,    -0.86,    -0.86,    -0.86,    -0.86 ] 
outputLayer          [2,5] [      0.72,     0.73,     0.73,     0.72,     0.72 ;     0.30,     0.30,     0.30,     0.30,     0.30 ] 
outputDerivative     [2,5] [      0.00,     0.00,     0.00,     0.00,     0.00 ;     0.00,     0.00,     0.00,     0.00,     0.00 ] 
theta1NoBias         [3,3] [      0.51,     0.83,     0.30 ;     0.14,    -0.48,     0.66 ;     0.84,     0.38,     0.81 ] 
theta2NoBias         [2,3] [      0.86,    -0.08,     0.50 ;    -0.35,     0.16,    -0.65 ] 
cost =  1.4059
hiddenDerivativeWithBias [4,5] [      0.08,     0.08,     0.08,    -0.21,    -0.21 ;    -0.34,    -0.34,    -0.34,     0.87,     0.87 ;     0.07,     0.07,     0.07,    -0.17,    -0.17 ;    -0.33,    -0.33,    -0.33,     0.82,     0.82 ] 
hiddenDerivativeWithBias [4,5] [      0.02,     0.02,     0.02,    -0.04,    -0.04 ;    -0.01,    -0.00,    -0.00,     0.00,     0.00 ;     0.01,     0.00,     0.00,    -0.00,    -0.00 ;    -0.00,    -0.00,    -0.00,     0.00,     0.00 ] 
hiddenDerivativeNoBias [3,5] [     -0.01,    -0.00,    -0.00,     0.00,     0.00 ;     0.01,     0.00,     0.00,    -0.00,    -0.00 ;    -0.00,    -0.00,    -0.00,     0.00,     0.00 ] 
theta1Grad           [3,4] [     -0.00,    -0.00,    -0.00,    -0.00 ;     0.00,     0.00,     0.00,     0.01 ;    -0.00,    -0.00,    -0.00,    -0.00 ] 
theta2Grad           [2,4] [      0.12,     0.13,     0.13,     0.13 ;    -0.10,    -0.10,    -0.11,    -0.10 ] 
grad                 [20,1] [     -0.00 ;     0.00 ;    -0.00 ;    -0.00 ;     0.00 ;    -0.00 ;    -0.00 ;     0.00 ;    -0.00 ;    -0.00 ;     0.01 ;    -0.00 ;     0.12 ;    -0.10 ;     0.13 ;    -0.10 ;     0.13 ;    -0.11 ;     0.13 ;    -0.10 ] 
==============================
inputLayerSizeWithBias [1,1] [      4.00 ] 
hiddenLayerSizeWithBias [1,1] [      4.00 ] 
theta1               [3,4] [      0.75,     0.47,     0.75,     0.18 ;     0.96,     0.17,    -0.42,     0.74 ;     0.35,     0.77,     0.25,     0.62 ] 
theta2               [2,4] [     -0.49,     0.73,    -0.21,     0.39 ;     0.12,    -0.24,     0.26,    -0.57 ] 
inputLayerWithBias   [5,4] [      1.00,     1.00,     2.00,     3.00 ;     1.00,     4.00,     5.00,     6.00 ;     1.00,     7.00,     8.00,     9.00 ;     1.00,    10.00,    11.00,    12.00 ;     1.00,    13.00,    14.00,    15.00 ] 
inputTimesTheta1     [3,5] [      3.27,     7.48,    11.68,    15.89,    20.09 ;     2.50,     3.97,     5.43,     6.89,     8.36 ;     3.49,     8.42,    13.35,    18.28,    23.22 ] 
hiddenLayerNoBias    [3,5] [      0.96,     1.00,     1.00,     1.00,     1.00 ;     0.92,     0.98,     1.00,     1.00,     1.00 ;     0.97,     1.00,     1.00,     1.00,     1.00 ] 
hiddenLayerWithBias  [4,5] [      1.00,     1.00,     1.00,     1.00,     1.00 ;     0.96,     1.00,     1.00,     1.00,     1.00 ;     0.92,     0.98,     1.00,     1.00,     1.00 ;     0.97,     1.00,     1.00,     1.00,     1.00 ] 
hiddenTimesTheta2    [2,5] [      0.40,     0.42,     0.42,     0.42,     0.42 ;    -0.42,    -0.43,    -0.43,    -0.43,    -0.43 ] 
outputLayer          [2,5] [      0.60,     0.60,     0.60,     0.60,     0.60 ;     0.40,     0.39,     0.39,     0.39,     0.39 ] 
outputDerivative     [2,5] [      0.00,     0.00,     0.00,     0.00,     0.00 ;     0.00,     0.00,     0.00,     0.00,     0.00 ] 
theta1NoBias         [3,3] [      0.47,     0.75,     0.18 ;     0.17,    -0.42,     0.74 ;     0.77,     0.25,     0.62 ] 
theta2NoBias         [2,3] [      0.73,    -0.21,     0.39 ;    -0.24,     0.26,    -0.57 ] 
cost =  1.3477
hiddenDerivativeWithBias [4,5] [      0.25,     0.24,     0.24,    -0.37,    -0.37 ;    -0.39,    -0.38,    -0.38,     0.59,     0.59 ;     0.19,     0.18,     0.18,    -0.28,    -0.28 ;    -0.38,    -0.38,    -0.38,     0.58,     0.58 ] 
hiddenDerivativeWithBias [4,5] [      0.05,     0.05,     0.05,    -0.07,    -0.07 ;    -0.01,    -0.00,    -0.00,     0.00,     0.00 ;     0.01,     0.00,     0.00,    -0.00,    -0.00 ;    -0.01,    -0.00,    -0.00,     0.00,     0.00 ] 
hiddenDerivativeNoBias [3,5] [     -0.01,    -0.00,    -0.00,     0.00,     0.00 ;     0.01,     0.00,     0.00,    -0.00,    -0.00 ;    -0.01,    -0.00,    -0.00,     0.00,     0.00 ] 
theta1Grad           [3,4] [     -0.00,    -0.00,    -0.01,    -0.01 ;     0.00,     0.01,     0.01,     0.01 ;    -0.00,    -0.00,    -0.00,    -0.01 ] 
theta2Grad           [2,4] [      0.00,     0.01,     0.01,     0.01 ;    -0.01,    -0.01,    -0.01,    -0.01 ] 
grad                 [20,1] [     -0.00 ;     0.00 ;    -0.00 ;    -0.00 ;     0.01 ;    -0.00 ;    -0.01 ;     0.01 ;    -0.00 ;    -0.01 ;     0.01 ;    -0.01 ;     0.00 ;    -0.01 ;     0.01 ;    -0.01 ;     0.01 ;    -0.01 ;     0.01 ;    -0.01 ] 
==============================
Iteration     3 | Cost: 1.347671e+00
inputLayerSizeWithBias [1,1] [      4.00 ] 
hiddenLayerSizeWithBias [1,1] [      4.00 ] 
theta1               [3,4] [      0.81,     0.53,     0.88,     0.38 ;     0.90,     0.07,    -0.58,     0.52 ;     0.42,     0.85,     0.40,     0.85 ] 
theta2               [2,4] [     -0.40,     0.75,    -0.25,     0.41 ;     0.09,    -0.21,     0.36,    -0.53 ] 
inputLayerWithBias   [5,4] [      1.00,     1.00,     2.00,     3.00 ;     1.00,     4.00,     5.00,     6.00 ;     1.00,     7.00,     8.00,     9.00 ;     1.00,    10.00,    11.00,    12.00 ;     1.00,    13.00,    14.00,    15.00 ] 
inputTimesTheta1     [3,5] [      4.23,     9.60,    14.96,    20.33,    25.69 ;     1.36,     1.37,     1.39,     1.41,     1.43 ;     4.61,    10.91,    17.21,    23.51,    29.80 ] 
hiddenLayerNoBias    [3,5] [      0.99,     1.00,     1.00,     1.00,     1.00 ;     0.80,     0.80,     0.80,     0.80,     0.81 ;     0.99,     1.00,     1.00,     1.00,     1.00 ] 
hiddenLayerWithBias  [4,5] [      1.00,     1.00,     1.00,     1.00,     1.00 ;     0.99,     1.00,     1.00,     1.00,     1.00 ;     0.80,     0.80,     0.80,     0.80,     0.81 ;     0.99,     1.00,     1.00,     1.00,     1.00 ] 
hiddenTimesTheta2    [2,5] [      0.55,     0.56,     0.56,     0.56,     0.56 ;    -0.36,    -0.36,    -0.36,    -0.36,    -0.36 ] 
outputLayer          [2,5] [      0.63,     0.64,     0.64,     0.64,     0.64 ;     0.41,     0.41,     0.41,     0.41,     0.41 ] 
outputDerivative     [2,5] [      0.00,     0.00,     0.00,     0.00,     0.00 ;     0.00,     0.00,     0.00,     0.00,     0.00 ] 
theta1NoBias         [3,3] [      0.53,     0.88,     0.38 ;     0.07,    -0.58,     0.52 ;     0.85,     0.40,     0.85 ] 
theta2NoBias         [2,3] [      0.75,    -0.25,     0.41 ;    -0.21,     0.36,    -0.53 ] 
cost =  1.3498
hiddenDerivativeWithBias [4,5] [      0.18,     0.18,     0.18,    -0.31,    -0.31 ;    -0.36,    -0.36,    -0.36,     0.60,     0.60 ;     0.24,     0.24,     0.24,    -0.37,    -0.37 ;    -0.37,    -0.36,    -0.36,     0.57,     0.57 ] 
hiddenDerivativeWithBias [4,5] [      0.04,     0.04,     0.04,    -0.06,    -0.06 ;    -0.01,    -0.00,    -0.00,     0.00,     0.00 ;     0.04,     0.04,     0.04,    -0.06,    -0.06 ;    -0.00,    -0.00,    -0.00,     0.00,     0.00 ] 
hiddenDerivativeNoBias [3,5] [     -0.01,    -0.00,    -0.00,     0.00,     0.00 ;     0.04,     0.04,     0.04,    -0.06,    -0.06 ;    -0.00,    -0.00,    -0.00,     0.00,     0.00 ] 
theta1Grad           [3,4] [     -0.00,    -0.00,    -0.00,    -0.00 ;    -0.00,    -0.18,    -0.18,    -0.18 ;    -0.00,    -0.00,    -0.00,    -0.00 ] 
theta2Grad           [2,4] [      0.04,     0.04,     0.03,     0.04 ;     0.01,     0.01,     0.01,     0.01 ] 
grad                 [20,1] [     -0.00 ;    -0.00 ;    -0.00 ;    -0.00 ;    -0.18 ;    -0.00 ;    -0.00 ;    -0.18 ;    -0.00 ;    -0.00 ;    -0.18 ;    -0.00 ;     0.04 ;     0.01 ;     0.04 ;     0.01 ;     0.03 ;     0.01 ;     0.04 ;     0.01 ] 
==============================
inputLayerSizeWithBias [1,1] [      4.00 ] 
hiddenLayerSizeWithBias [1,1] [      4.00 ] 
theta1               [3,4] [      0.78,     0.49,     0.81,     0.27 ;     0.93,     0.13,    -0.49,     0.64 ;     0.38,     0.80,     0.31,     0.72 ] 
theta2               [2,4] [     -0.45,     0.74,    -0.23,     0.40 ;     0.11,    -0.23,     0.30,    -0.55 ] 
inputLayerWithBias   [5,4] [      1.00,     1.00,     2.00,     3.00 ;     1.00,     4.00,     5.00,     6.00 ;     1.00,     7.00,     8.00,     9.00 ;     1.00,    10.00,    11.00,    12.00 ;     1.00,    13.00,    14.00,    15.00 ] 
inputTimesTheta1     [3,5] [      3.68,     8.38,    13.07,    17.77,    22.47 ;     2.01,     2.86,     3.71,     4.56,     5.41 ;     3.97,     9.48,    14.99,    20.50,    26.01 ] 
hiddenLayerNoBias    [3,5] [      0.98,     1.00,     1.00,     1.00,     1.00 ;     0.88,     0.95,     0.98,     0.99,     1.00 ;     0.98,     1.00,     1.00,     1.00,     1.00 ] 
hiddenLayerWithBias  [4,5] [      1.00,     1.00,     1.00,     1.00,     1.00 ;     0.98,     1.00,     1.00,     1.00,     1.00 ;     0.88,     0.95,     0.98,     0.99,     1.00 ;     0.98,     1.00,     1.00,     1.00,     1.00 ] 
hiddenTimesTheta2    [2,5] [      0.46,     0.47,     0.46,     0.46,     0.46 ;    -0.39,    -0.39,    -0.38,    -0.37,    -0.37 ] 
outputLayer          [2,5] [      0.61,     0.62,     0.61,     0.61,     0.61 ;     0.40,     0.40,     0.41,     0.41,     0.41 ] 
outputDerivative     [2,5] [      0.00,     0.00,     0.00,     0.00,     0.00 ;     0.00,     0.00,     0.00,     0.00,     0.00 ] 
theta1NoBias         [3,3] [      0.49,     0.81,     0.27 ;     0.13,    -0.49,     0.64 ;     0.80,     0.31,     0.72 ] 
theta2NoBias         [2,3] [      0.74,    -0.23,     0.40 ;    -0.23,     0.30,    -0.55 ] 
cost =  1.3425
hiddenDerivativeWithBias [4,5] [      0.22,     0.22,     0.22,    -0.34,    -0.34 ;    -0.38,    -0.38,    -0.38,     0.59,     0.59 ;     0.21,     0.21,     0.21,    -0.32,    -0.32 ;    -0.38,    -0.38,    -0.38,     0.57,     0.57 ] 
hiddenDerivativeWithBias [4,5] [      0.04,     0.04,     0.04,    -0.07,    -0.07 ;    -0.01,    -0.00,    -0.00,     0.00,     0.00 ;     0.02,     0.01,     0.00,    -0.00,    -0.00 ;    -0.01,    -0.00,    -0.00,     0.00,     0.00 ] 
hiddenDerivativeNoBias [3,5] [     -0.01,    -0.00,    -0.00,     0.00,     0.00 ;     0.02,     0.01,     0.00,    -0.00,    -0.00 ;    -0.01,    -0.00,    -0.00,     0.00,     0.00 ] 
theta1Grad           [3,4] [     -0.00,    -0.00,    -0.00,    -0.01 ;     0.01,     0.01,     0.02,     0.02 ;    -0.00,    -0.00,    -0.00,    -0.00 ] 
theta2Grad           [2,4] [      0.01,     0.02,     0.03,     0.02 ;     0.01,     0.00,    -0.01,     0.00 ] 
grad                 [20,1] [     -0.00 ;     0.01 ;    -0.00 ;    -0.00 ;     0.01 ;    -0.00 ;    -0.00 ;     0.02 ;    -0.00 ;    -0.01 ;     0.02 ;    -0.00 ;     0.01 ;     0.01 ;     0.02 ;     0.00 ;     0.03 ;    -0.01 ;     0.02 ;     0.00 ] 
==============================
inputLayerSizeWithBias [1,1] [      4.00 ] 
hiddenLayerSizeWithBias [1,1] [      4.00 ] 
theta1               [3,4] [      0.79,     0.51,     0.84,     0.32 ;     0.92,     0.10,    -0.54,     0.58 ;     0.40,     0.83,     0.36,     0.78 ] 
theta2               [2,4] [     -0.43,     0.75,    -0.24,     0.40 ;     0.10,    -0.22,     0.33,    -0.54 ] 
inputLayerWithBias   [5,4] [      1.00,     1.00,     2.00,     3.00 ;     1.00,     4.00,     5.00,     6.00 ;     1.00,     7.00,     8.00,     9.00 ;     1.00,    10.00,    11.00,    12.00 ;     1.00,    13.00,    14.00,    15.00 ] 
inputTimesTheta1     [3,5] [      3.96,     8.99,    14.02,    19.05,    24.08 ;     1.69,     2.12,     2.55,     2.99,     3.42 ;     4.29,    10.19,    16.10,    22.00,    27.91 ] 
hiddenLayerNoBias    [3,5] [      0.98,     1.00,     1.00,     1.00,     1.00 ;     0.84,     0.89,     0.93,     0.95,     0.97 ;     0.99,     1.00,     1.00,     1.00,     1.00 ] 
hiddenLayerWithBias  [4,5] [      1.00,     1.00,     1.00,     1.00,     1.00 ;     0.98,     1.00,     1.00,     1.00,     1.00 ;     0.84,     0.89,     0.93,     0.95,     0.97 ;     0.99,     1.00,     1.00,     1.00,     1.00 ] 
hiddenTimesTheta2    [2,5] [      0.50,     0.51,     0.50,     0.50,     0.49 ;    -0.37,    -0.37,    -0.35,    -0.35,    -0.34 ] 
outputLayer          [2,5] [      0.62,     0.62,     0.62,     0.62,     0.62 ;     0.41,     0.41,     0.41,     0.41,     0.42 ] 
outputDerivative     [2,5] [      0.00,     0.00,     0.00,     0.00,     0.00 ;     0.00,     0.00,     0.00,     0.00,     0.00 ] 
theta1NoBias         [3,3] [      0.51,     0.84,     0.32 ;     0.10,    -0.54,     0.58 ;     0.83,     0.36,     0.78 ] 
theta2NoBias         [2,3] [      0.75,    -0.24,     0.40 ;    -0.22,     0.33,    -0.54 ] 
cost =  1.3401
hiddenDerivativeWithBias [4,5] [      0.20,     0.20,     0.20,    -0.32,    -0.32 ;    -0.37,    -0.37,    -0.37,     0.59,     0.59 ;     0.22,     0.22,     0.23,    -0.34,    -0.34 ;    -0.37,    -0.37,    -0.37,     0.57,     0.56 ] 
hiddenDerivativeWithBias [4,5] [      0.04,     0.04,     0.04,    -0.06,    -0.06 ;    -0.01,    -0.00,    -0.00,     0.00,     0.00 ;     0.03,     0.02,     0.02,    -0.02,    -0.01 ;    -0.00,    -0.00,    -0.00,     0.00,     0.00 ] 
hiddenDerivativeNoBias [3,5] [     -0.01,    -0.00,    -0.00,     0.00,     0.00 ;     0.03,     0.02,     0.02,    -0.02,    -0.01 ;    -0.00,    -0.00,    -0.00,     0.00,     0.00 ] 
theta1Grad           [3,4] [     -0.00,    -0.00,    -0.00,    -0.00 ;     0.01,    -0.01,    -0.01,     0.00 ;    -0.00,    -0.00,    -0.00,    -0.00 ] 
theta2Grad           [2,4] [      0.02,     0.02,     0.04,     0.02 ;     0.01,     0.01,    -0.01,     0.01 ] 
grad                 [20,1] [     -0.00 ;     0.01 ;    -0.00 ;    -0.00 ;    -0.01 ;    -0.00 ;    -0.00 ;    -0.01 ;    -0.00 ;    -0.00 ;     0.00 ;    -0.00 ;     0.02 ;     0.01 ;     0.02 ;     0.01 ;     0.04 ;    -0.01 ;     0.02 ;     0.01 ] 
==============================
Iteration     4 | Cost: 1.340061e+00
inputLayerSizeWithBias [1,1] [      4.00 ] 
hiddenLayerSizeWithBias [1,1] [      4.00 ] 
theta1               [3,4] [      0.83,     0.55,     0.92,     0.44 ;     0.86,     0.08,    -0.61,     0.45 ;     0.44,     0.87,     0.45,     0.92 ] 
theta2               [2,4] [     -0.42,     0.71,    -0.35,     0.36 ;     0.05,    -0.22,     0.40,    -0.54 ] 
inputLayerWithBias   [5,4] [      1.00,     1.00,     2.00,     3.00 ;     1.00,     4.00,     5.00,     6.00 ;     1.00,     7.00,     8.00,     9.00 ;     1.00,    10.00,    11.00,    12.00 ;     1.00,    13.00,    14.00,    15.00 ] 
inputTimesTheta1     [3,5] [      4.55,    10.29,    16.03,    21.78,    27.52 ;     1.06,     0.80,     0.54,     0.27,     0.01 ;     4.96,    11.68,    18.40,    25.11,    31.83 ] 
hiddenLayerNoBias    [3,5] [      0.99,     1.00,     1.00,     1.00,     1.00 ;     0.74,     0.69,     0.63,     0.57,     0.50 ;     0.99,     1.00,     1.00,     1.00,     1.00 ] 
hiddenLayerWithBias  [4,5] [      1.00,     1.00,     1.00,     1.00,     1.00 ;     0.99,     1.00,     1.00,     1.00,     1.00 ;     0.74,     0.69,     0.63,     0.57,     0.50 ;     0.99,     1.00,     1.00,     1.00,     1.00 ] 
hiddenTimesTheta2    [2,5] [      0.37,     0.40,     0.42,     0.44,     0.47 ;    -0.41,    -0.44,    -0.46,    -0.49,    -0.51 ] 
outputLayer          [2,5] [      0.59,     0.60,     0.60,     0.61,     0.61 ;     0.40,     0.39,     0.39,     0.38,     0.37 ] 
outputDerivative     [2,5] [      0.00,     0.00,     0.00,     0.00,     0.00 ;     0.00,     0.00,     0.00,     0.00,     0.00 ] 
theta1NoBias         [3,3] [      0.55,     0.92,     0.44 ;     0.08,    -0.61,     0.45 ;     0.87,     0.45,     0.92 ] 
theta2NoBias         [2,3] [      0.71,    -0.35,     0.36 ;    -0.22,     0.40,    -0.54 ] 
cost =  1.3754
hiddenDerivativeWithBias [4,5] [      0.19,     0.19,     0.19,    -0.29,    -0.29 ;    -0.38,    -0.37,    -0.37,     0.57,     0.57 ;     0.30,     0.30,     0.29,    -0.46,    -0.46 ;    -0.36,    -0.36,    -0.35,     0.55,     0.56 ] 
hiddenDerivativeWithBias [4,5] [      0.04,     0.04,     0.04,    -0.06,    -0.06 ;    -0.00,    -0.00,    -0.00,     0.00,     0.00 ;     0.06,     0.06,     0.07,    -0.11,    -0.12 ;    -0.00,    -0.00,    -0.00,     0.00,     0.00 ] 
hiddenDerivativeNoBias [3,5] [     -0.00,    -0.00,    -0.00,     0.00,     0.00 ;     0.06,     0.06,     0.07,    -0.11,    -0.12 ;    -0.00,    -0.00,    -0.00,     0.00,     0.00 ] 
theta1Grad           [3,4] [     -0.00,    -0.00,    -0.00,    -0.00 ;    -0.01,    -0.37,    -0.38,    -0.38 ;    -0.00,    -0.00,    -0.00,    -0.00 ] 
theta2Grad           [2,4] [      0.00,     0.00,    -0.04,     0.00 ;    -0.01,    -0.01,     0.03,    -0.01 ] 
grad                 [20,1] [     -0.00 ;    -0.01 ;    -0.00 ;    -0.00 ;    -0.37 ;    -0.00 ;    -0.00 ;    -0.38 ;    -0.00 ;    -0.00 ;    -0.38 ;    -0.00 ;     0.00 ;    -0.01 ;     0.00 ;    -0.01 ;    -0.04 ;     0.03 ;     0.00 ;    -0.01 ] 
==============================
inputLayerSizeWithBias [1,1] [      4.00 ] 
hiddenLayerSizeWithBias [1,1] [      4.00 ] 
theta1               [3,4] [      0.80,     0.52,     0.85,     0.33 ;     0.91,     0.10,    -0.54,     0.57 ;     0.40,     0.83,     0.37,     0.80 ] 
theta2               [2,4] [     -0.43,     0.74,    -0.25,     0.40 ;     0.09,    -0.22,     0.33,    -0.54 ] 
inputLayerWithBias   [5,4] [      1.00,     1.00,     2.00,     3.00 ;     1.00,     4.00,     5.00,     6.00 ;     1.00,     7.00,     8.00,     9.00 ;     1.00,    10.00,    11.00,    12.00 ;     1.00,    13.00,    14.00,    15.00 ] 
inputTimesTheta1     [3,5] [      4.01,     9.12,    14.22,    19.32,    24.42 ;     1.62,     1.99,     2.35,     2.72,     3.08 ;     4.36,    10.34,    16.33,    22.32,    28.30 ] 
hiddenLayerNoBias    [3,5] [      0.98,     1.00,     1.00,     1.00,     1.00 ;     0.84,     0.88,     0.91,     0.94,     0.96 ;     0.99,     1.00,     1.00,     1.00,     1.00 ] 
hiddenLayerWithBias  [4,5] [      1.00,     1.00,     1.00,     1.00,     1.00 ;     0.98,     1.00,     1.00,     1.00,     1.00 ;     0.84,     0.88,     0.91,     0.94,     0.96 ;     0.99,     1.00,     1.00,     1.00,     1.00 ] 
hiddenTimesTheta2    [2,5] [      0.49,     0.49,     0.49,     0.48,     0.48 ;    -0.37,    -0.37,    -0.36,    -0.35,    -0.34 ] 
outputLayer          [2,5] [      0.62,     0.62,     0.62,     0.62,     0.62 ;     0.41,     0.41,     0.41,     0.41,     0.42 ] 
outputDerivative     [2,5] [      0.00,     0.00,     0.00,     0.00,     0.00 ;     0.00,     0.00,     0.00,     0.00,     0.00 ] 
theta1NoBias         [3,3] [      0.52,     0.85,     0.33 ;     0.10,    -0.54,     0.57 ;     0.83,     0.37,     0.80 ] 
theta2NoBias         [2,3] [      0.74,    -0.25,     0.40 ;    -0.22,     0.33,    -0.54 ] 
cost =  1.3394
hiddenDerivativeWithBias [4,5] [      0.20,     0.20,     0.20,    -0.32,    -0.32 ;    -0.37,    -0.37,    -0.37,     0.59,     0.59 ;     0.23,     0.23,     0.23,    -0.35,    -0.35 ;    -0.37,    -0.37,    -0.37,     0.56,     0.56 ] 
hiddenDerivativeWithBias [4,5] [      0.04,     0.04,     0.04,    -0.06,    -0.06 ;    -0.01,    -0.00,    -0.00,     0.00,     0.00 ;     0.03,     0.02,     0.02,    -0.02,    -0.01 ;    -0.00,    -0.00,    -0.00,     0.00,     0.00 ] 
hiddenDerivativeNoBias [3,5] [     -0.01,    -0.00,    -0.00,     0.00,     0.00 ;     0.03,     0.02,     0.02,    -0.02,    -0.01 ;    -0.00,    -0.00,    -0.00,     0.00,     0.00 ] 
theta1Grad           [3,4] [     -0.00,    -0.00,    -0.00,    -0.00 ;     0.01,    -0.03,    -0.02,    -0.01 ;    -0.00,    -0.00,    -0.00,    -0.00 ] 
theta2Grad           [2,4] [      0.02,     0.02,     0.03,     0.02 ;     0.01,     0.01,    -0.01,     0.01 ] 
grad                 [20,1] [     -0.00 ;     0.01 ;    -0.00 ;    -0.00 ;    -0.03 ;    -0.00 ;    -0.00 ;    -0.02 ;    -0.00 ;    -0.00 ;    -0.01 ;    -0.00 ;     0.02 ;     0.01 ;     0.02 ;     0.01 ;     0.03 ;    -0.01 ;     0.02 ;     0.01 ] 
==============================
inputLayerSizeWithBias [1,1] [      4.00 ] 
hiddenLayerSizeWithBias [1,1] [      4.00 ] 
theta1               [3,4] [      0.83,     0.55,     0.91,     0.43 ;     0.87,     0.08,    -0.61,     0.46 ;     0.43,     0.87,     0.44,     0.90 ] 
theta2               [2,4] [     -0.42,     0.71,    -0.34,     0.36 ;     0.05,    -0.22,     0.39,    -0.54 ] 
inputLayerWithBias   [5,4] [      1.00,     1.00,     2.00,     3.00 ;     1.00,     4.00,     5.00,     6.00 ;     1.00,     7.00,     8.00,     9.00 ;     1.00,    10.00,    11.00,    12.00 ;     1.00,    13.00,    14.00,    15.00 ] 
inputTimesTheta1     [3,5] [      4.49,    10.17,    15.85,    21.53,    27.21 ;     1.12,     0.92,     0.72,     0.52,     0.32 ;     4.90,    11.54,    18.19,    24.83,    31.48 ] 
hiddenLayerNoBias    [3,5] [      0.99,     1.00,     1.00,     1.00,     1.00 ;     0.75,     0.71,     0.67,     0.63,     0.58 ;     0.99,     1.00,     1.00,     1.00,     1.00 ] 
hiddenLayerWithBias  [4,5] [      1.00,     1.00,     1.00,     1.00,     1.00 ;     0.99,     1.00,     1.00,     1.00,     1.00 ;     0.75,     0.71,     0.67,     0.63,     0.58 ;     0.99,     1.00,     1.00,     1.00,     1.00 ] 
hiddenTimesTheta2    [2,5] [      0.38,     0.41,     0.42,     0.44,     0.45 ;    -0.41,    -0.43,    -0.44,    -0.46,    -0.48 ] 
outputLayer          [2,5] [      0.59,     0.60,     0.60,     0.61,     0.61 ;     0.40,     0.39,     0.39,     0.39,     0.38 ] 
outputDerivative     [2,5] [      0.00,     0.00,     0.00,     0.00,     0.00 ;     0.00,     0.00,     0.00,     0.00,     0.00 ] 
theta1NoBias         [3,3] [      0.55,     0.91,     0.43 ;     0.08,    -0.61,     0.46 ;     0.87,     0.44,     0.90 ] 
theta2NoBias         [2,3] [      0.71,    -0.34,     0.36 ;    -0.22,     0.39,    -0.54 ] 
cost =  1.3672
hiddenDerivativeWithBias [4,5] [      0.19,     0.19,     0.19,    -0.29,    -0.29 ;    -0.38,    -0.37,    -0.37,     0.57,     0.57 ;     0.29,     0.29,     0.29,    -0.45,    -0.45 ;    -0.36,    -0.36,    -0.35,     0.55,     0.55 ] 
hiddenDerivativeWithBias [4,5] [      0.04,     0.04,     0.04,    -0.06,    -0.06 ;    -0.00,    -0.00,    -0.00,     0.00,     0.00 ;     0.05,     0.06,     0.06,    -0.10,    -0.11 ;    -0.00,    -0.00,    -0.00,     0.00,     0.00 ] 
hiddenDerivativeNoBias [3,5] [     -0.00,    -0.00,    -0.00,     0.00,     0.00 ;     0.05,     0.06,     0.06,    -0.10,    -0.11 ;    -0.00,    -0.00,    -0.00,     0.00,     0.00 ] 
theta1Grad           [3,4] [     -0.00,    -0.00,    -0.00,    -0.00 ;    -0.01,    -0.35,    -0.35,    -0.36 ;    -0.00,    -0.00,    -0.00,    -0.00 ] 
theta2Grad           [2,4] [      0.00,     0.00,    -0.02,     0.00 ;    -0.01,    -0.01,     0.02,    -0.01 ] 
grad                 [20,1] [     -0.00 ;    -0.01 ;    -0.00 ;    -0.00 ;    -0.35 ;    -0.00 ;    -0.00 ;    -0.35 ;    -0.00 ;    -0.00 ;    -0.36 ;    -0.00 ;     0.00 ;    -0.01 ;     0.00 ;    -0.01 ;    -0.02 ;     0.02 ;     0.00 ;    -0.01 ] 
==============================
inputLayerSizeWithBias [1,1] [      4.00 ] 
hiddenLayerSizeWithBias [1,1] [      4.00 ] 
theta1               [3,4] [      0.80,     0.52,     0.86,     0.34 ;     0.91,     0.10,    -0.55,     0.56 ;     0.40,     0.84,     0.37,     0.81 ] 
theta2               [2,4] [     -0.43,     0.74,    -0.26,     0.40 ;     0.09,    -0.22,     0.34,    -0.54 ] 
inputLayerWithBias   [5,4] [      1.00,     1.00,     2.00,     3.00 ;     1.00,     4.00,     5.00,     6.00 ;     1.00,     7.00,     8.00,     9.00 ;     1.00,    10.00,    11.00,    12.00 ;     1.00,    13.00,    14.00,    15.00 ] 
inputTimesTheta1     [3,5] [      4.06,     9.22,    14.38,    19.54,    24.70 ;     1.57,     1.88,     2.19,     2.50,     2.80 ;     4.41,    10.46,    16.51,    22.57,    28.62 ] 
hiddenLayerNoBias    [3,5] [      0.98,     1.00,     1.00,     1.00,     1.00 ;     0.83,     0.87,     0.90,     0.92,     0.94 ;     0.99,     1.00,     1.00,     1.00,     1.00 ] 
hiddenLayerWithBias  [4,5] [      1.00,     1.00,     1.00,     1.00,     1.00 ;     0.98,     1.00,     1.00,     1.00,     1.00 ;     0.83,     0.87,     0.90,     0.92,     0.94 ;     0.99,     1.00,     1.00,     1.00,     1.00 ] 
hiddenTimesTheta2    [2,5] [      0.48,     0.48,     0.48,     0.47,     0.46 ;    -0.38,    -0.37,    -0.36,    -0.35,    -0.35 ] 
outputLayer          [2,5] [      0.62,     0.62,     0.62,     0.62,     0.61 ;     0.41,     0.41,     0.41,     0.41,     0.41 ] 
outputDerivative     [2,5] [      0.00,     0.00,     0.00,     0.00,     0.00 ;     0.00,     0.00,     0.00,     0.00,     0.00 ] 
theta1NoBias         [3,3] [      0.52,     0.86,     0.34 ;     0.10,    -0.55,     0.56 ;     0.84,     0.37,     0.81 ] 
theta2NoBias         [2,3] [      0.74,    -0.26,     0.40 ;    -0.22,     0.34,    -0.54 ] 
cost =  1.3392
hiddenDerivativeWithBias [4,5] [      0.20,     0.20,     0.20,    -0.31,    -0.31 ;    -0.37,    -0.37,    -0.37,     0.58,     0.58 ;     0.24,     0.24,     0.24,    -0.36,    -0.36 ;    -0.37,    -0.37,    -0.37,     0.56,     0.56 ] 
hiddenDerivativeWithBias [4,5] [      0.04,     0.04,     0.04,    -0.06,    -0.06 ;    -0.01,    -0.00,    -0.00,     0.00,     0.00 ;     0.03,     0.03,     0.02,    -0.03,    -0.02 ;    -0.00,    -0.00,    -0.00,     0.00,     0.00 ] 
hiddenDerivativeNoBias [3,5] [     -0.01,    -0.00,    -0.00,     0.00,     0.00 ;     0.03,     0.03,     0.02,    -0.03,    -0.02 ;    -0.00,    -0.00,    -0.00,     0.00,     0.00 ] 
theta1Grad           [3,4] [     -0.00,    -0.00,    -0.00,    -0.00 ;     0.01,    -0.04,    -0.03,    -0.03 ;    -0.00,    -0.00,    -0.00,    -0.00 ] 
theta2Grad           [2,4] [      0.02,     0.02,     0.03,     0.02 ;     0.01,     0.01,    -0.01,     0.01 ] 
grad                 [20,1] [     -0.00 ;     0.01 ;    -0.00 ;    -0.00 ;    -0.04 ;    -0.00 ;    -0.00 ;    -0.03 ;    -0.00 ;    -0.00 ;    -0.03 ;    -0.00 ;     0.02 ;     0.01 ;     0.02 ;     0.01 ;     0.03 ;    -0.01 ;     0.02 ;     0.01 ] 
==============================
Iteration     5 | Cost: 1.339188e+00
inputLayerSizeWithBias [1,1] [      4.00 ] 
hiddenLayerSizeWithBias [1,1] [      4.00 ] 
theta1               [3,4] [      0.80,     0.52,     0.86,     0.35 ;     0.90,     0.11,    -0.55,     0.55 ;     0.41,     0.84,     0.38,     0.82 ] 
theta2               [2,4] [     -0.43,     0.73,    -0.28,     0.39 ;     0.08,    -0.22,     0.35,    -0.54 ] 
inputLayerWithBias   [5,4] [      1.00,     1.00,     2.00,     3.00 ;     1.00,     4.00,     5.00,     6.00 ;     1.00,     7.00,     8.00,     9.00 ;     1.00,    10.00,    11.00,    12.00 ;     1.00,    13.00,    14.00,    15.00 ] 
inputTimesTheta1     [3,5] [      4.11,     9.32,    14.54,    19.76,    24.97 ;     1.58,     1.91,     2.25,     2.59,     2.93 ;     4.46,    10.57,    16.69,    22.80,    28.91 ] 
hiddenLayerNoBias    [3,5] [      0.98,     1.00,     1.00,     1.00,     1.00 ;     0.83,     0.87,     0.90,     0.93,     0.95 ;     0.99,     1.00,     1.00,     1.00,     1.00 ] 
hiddenLayerWithBias  [4,5] [      1.00,     1.00,     1.00,     1.00,     1.00 ;     0.98,     1.00,     1.00,     1.00,     1.00 ;     0.83,     0.87,     0.90,     0.93,     0.95 ;     0.99,     1.00,     1.00,     1.00,     1.00 ] 
hiddenTimesTheta2    [2,5] [      0.45,     0.45,     0.44,     0.43,     0.43 ;    -0.38,    -0.38,    -0.36,    -0.36,    -0.35 ] 
outputLayer          [2,5] [      0.61,     0.61,     0.61,     0.61,     0.61 ;     0.41,     0.41,     0.41,     0.41,     0.41 ] 
outputDerivative     [2,5] [      0.00,     0.00,     0.00,     0.00,     0.00 ;     0.00,     0.00,     0.00,     0.00,     0.00 ] 
theta1NoBias         [3,3] [      0.52,     0.86,     0.35 ;     0.11,    -0.55,     0.55 ;     0.84,     0.38,     0.82 ] 
theta2NoBias         [2,3] [      0.73,    -0.28,     0.39 ;    -0.22,     0.35,    -0.54 ] 
cost =  1.3378
hiddenDerivativeWithBias [4,5] [      0.20,     0.20,     0.20,    -0.31,    -0.31 ;    -0.38,    -0.37,    -0.38,     0.57,     0.57 ;     0.25,     0.25,     0.25,    -0.37,    -0.37 ;    -0.37,    -0.37,    -0.37,     0.55,     0.55 ] 
hiddenDerivativeWithBias [4,5] [      0.04,     0.04,     0.04,    -0.06,    -0.06 ;    -0.01,    -0.00,    -0.00,     0.00,     0.00 ;     0.04,     0.03,     0.02,    -0.02,    -0.02 ;    -0.00,    -0.00,    -0.00,     0.00,     0.00 ] 
hiddenDerivativeNoBias [3,5] [     -0.01,    -0.00,    -0.00,     0.00,     0.00 ;     0.04,     0.03,     0.02,    -0.02,    -0.02 ;    -0.00,    -0.00,    -0.00,     0.00,     0.00 ] 
theta1Grad           [3,4] [     -0.00,    -0.00,    -0.00,    -0.00 ;     0.01,    -0.04,    -0.03,    -0.02 ;    -0.00,    -0.00,    -0.00,    -0.00 ] 
theta2Grad           [2,4] [      0.01,     0.01,     0.02,     0.01 ;     0.01,     0.01,    -0.01,     0.01 ] 
grad                 [20,1] [     -0.00 ;     0.01 ;    -0.00 ;    -0.00 ;    -0.04 ;    -0.00 ;    -0.00 ;    -0.03 ;    -0.00 ;    -0.00 ;    -0.02 ;    -0.00 ;     0.01 ;     0.01 ;     0.01 ;     0.01 ;     0.02 ;    -0.01 ;     0.01 ;     0.01 ] 
==============================
inputLayerSizeWithBias [1,1] [      4.00 ] 
hiddenLayerSizeWithBias [1,1] [      4.00 ] 
theta1               [3,4] [      0.81,     0.53,     0.88,     0.37 ;     0.89,     0.12,    -0.54,     0.55 ;     0.41,     0.85,     0.39,     0.84 ] 
theta2               [2,4] [     -0.44,     0.72,    -0.31,     0.37 ;     0.07,    -0.23,     0.36,    -0.54 ] 
inputLayerWithBias   [5,4] [      1.00,     1.00,     2.00,     3.00 ;     1.00,     4.00,     5.00,     6.00 ;     1.00,     7.00,     8.00,     9.00 ;     1.00,    10.00,    11.00,    12.00 ;     1.00,    13.00,    14.00,    15.00 ] 
inputTimesTheta1     [3,5] [      4.20,     9.53,    14.85,    20.18,    25.51 ;     1.58,     1.98,     2.38,     2.78,     3.18 ;     4.56,    10.79,    17.03,    23.26,    29.50 ] 
hiddenLayerNoBias    [3,5] [      0.99,     1.00,     1.00,     1.00,     1.00 ;     0.83,     0.88,     0.92,     0.94,     0.96 ;     0.99,     1.00,     1.00,     1.00,     1.00 ] 
hiddenLayerWithBias  [4,5] [      1.00,     1.00,     1.00,     1.00,     1.00 ;     0.99,     1.00,     1.00,     1.00,     1.00 ;     0.83,     0.88,     0.92,     0.94,     0.96 ;     0.99,     1.00,     1.00,     1.00,     1.00 ] 
hiddenTimesTheta2    [2,5] [      0.38,     0.38,     0.37,     0.36,     0.36 ;    -0.39,    -0.38,    -0.37,    -0.36,    -0.36 ] 
outputLayer          [2,5] [      0.59,     0.59,     0.59,     0.59,     0.59 ;     0.40,     0.41,     0.41,     0.41,     0.41 ] 
outputDerivative     [2,5] [      0.00,     0.00,     0.00,     0.00,     0.00 ;     0.00,     0.00,     0.00,     0.00,     0.00 ] 
theta1NoBias         [3,3] [      0.53,     0.88,     0.37 ;     0.12,    -0.54,     0.55 ;     0.85,     0.39,     0.84 ] 
theta2NoBias         [2,3] [      0.72,    -0.31,     0.37 ;    -0.23,     0.36,    -0.54 ] 
cost =  1.3360
hiddenDerivativeWithBias [4,5] [      0.21,     0.21,     0.21,    -0.30,    -0.30 ;    -0.38,    -0.38,    -0.38,     0.56,     0.56 ;     0.27,     0.27,     0.27,    -0.39,    -0.39 ;    -0.37,    -0.37,    -0.37,     0.54,     0.54 ] 
hiddenDerivativeWithBias [4,5] [      0.04,     0.04,     0.04,    -0.06,    -0.06 ;    -0.01,    -0.00,    -0.00,     0.00,     0.00 ;     0.04,     0.03,     0.02,    -0.02,    -0.02 ;    -0.00,    -0.00,    -0.00,     0.00,     0.00 ] 
hiddenDerivativeNoBias [3,5] [     -0.01,    -0.00,    -0.00,     0.00,     0.00 ;     0.04,     0.03,     0.02,    -0.02,    -0.02 ;    -0.00,    -0.00,    -0.00,     0.00,     0.00 ] 
theta1Grad           [3,4] [     -0.00,    -0.00,    -0.00,    -0.00 ;     0.01,    -0.02,    -0.01,    -0.00 ;    -0.00,    -0.00,    -0.00,    -0.00 ] 
theta2Grad           [2,4] [     -0.01,    -0.01,     0.01,    -0.01 ;     0.01,     0.01,    -0.01,     0.01 ] 
grad                 [20,1] [     -0.00 ;     0.01 ;    -0.00 ;    -0.00 ;    -0.02 ;    -0.00 ;    -0.00 ;    -0.01 ;    -0.00 ;    -0.00 ;    -0.00 ;    -0.00 ;    -0.01 ;     0.01 ;    -0.01 ;     0.01 ;     0.01 ;    -0.01 ;    -0.01 ;     0.01 ] 
==============================
Iteration     6 | Cost: 1.336021e+00
inputLayerSizeWithBias [1,1] [      4.00 ] 
hiddenLayerSizeWithBias [1,1] [      4.00 ] 
theta1               [3,4] [      0.81,     0.53,     0.88,     0.37 ;     0.86,     0.20,    -0.50,     0.56 ;     0.41,     0.85,     0.39,     0.84 ] 
theta2               [2,4] [     -0.40,     0.75,    -0.33,     0.41 ;     0.05,    -0.25,     0.40,    -0.57 ] 
inputLayerWithBias   [5,4] [      1.00,     1.00,     2.00,     3.00 ;     1.00,     4.00,     5.00,     6.00 ;     1.00,     7.00,     8.00,     9.00 ;     1.00,    10.00,    11.00,    12.00 ;     1.00,    13.00,    14.00,    15.00 ] 
inputTimesTheta1     [3,5] [      4.22,     9.56,    14.91,    20.25,    25.60 ;     1.74,     2.53,     3.32,     4.11,     4.90 ;     4.55,    10.77,    16.99,    23.21,    29.44 ] 
hiddenLayerNoBias    [3,5] [      0.99,     1.00,     1.00,     1.00,     1.00 ;     0.85,     0.93,     0.97,     0.98,     0.99 ;     0.99,     1.00,     1.00,     1.00,     1.00 ] 
hiddenLayerWithBias  [4,5] [      1.00,     1.00,     1.00,     1.00,     1.00 ;     0.99,     1.00,     1.00,     1.00,     1.00 ;     0.85,     0.93,     0.97,     0.98,     0.99 ;     0.99,     1.00,     1.00,     1.00,     1.00 ] 
hiddenTimesTheta2    [2,5] [      0.46,     0.45,     0.44,     0.43,     0.43 ;    -0.42,    -0.40,    -0.39,    -0.38,    -0.38 ] 
outputLayer          [2,5] [      0.61,     0.61,     0.61,     0.61,     0.61 ;     0.40,     0.40,     0.40,     0.41,     0.41 ] 
outputDerivative     [2,5] [      0.00,     0.00,     0.00,     0.00,     0.00 ;     0.00,     0.00,     0.00,     0.00,     0.00 ] 
theta1NoBias         [3,3] [      0.53,     0.88,     0.37 ;     0.20,    -0.50,     0.56 ;     0.85,     0.39,     0.84 ] 
theta2NoBias         [2,3] [      0.75,    -0.33,     0.41 ;    -0.25,     0.40,    -0.57 ] 
cost =  1.3353
hiddenDerivativeWithBias [4,5] [      0.17,     0.18,     0.18,    -0.27,    -0.27 ;    -0.39,    -0.39,    -0.40,     0.60,     0.60 ;     0.29,     0.29,     0.29,    -0.44,    -0.44 ;    -0.38,    -0.39,    -0.39,     0.59,     0.59 ] 
hiddenDerivativeWithBias [4,5] [      0.03,     0.03,     0.03,    -0.05,    -0.05 ;    -0.01,    -0.00,    -0.00,     0.00,     0.00 ;     0.04,     0.02,     0.01,    -0.01,    -0.00 ;    -0.00,    -0.00,    -0.00,     0.00,     0.00 ] 
hiddenDerivativeNoBias [3,5] [     -0.01,    -0.00,    -0.00,     0.00,     0.00 ;     0.04,     0.02,     0.01,    -0.01,    -0.00 ;    -0.00,    -0.00,    -0.00,     0.00,     0.00 ] 
theta1Grad           [3,4] [     -0.00,    -0.00,    -0.00,    -0.00 ;     0.01,     0.01,     0.03,     0.04 ;    -0.00,    -0.00,    -0.00,    -0.00 ] 
theta2Grad           [2,4] [      0.01,     0.01,     0.03,     0.01 ;     0.00,     0.00,    -0.02,     0.00 ] 
grad                 [20,1] [     -0.00 ;     0.01 ;    -0.00 ;    -0.00 ;     0.01 ;    -0.00 ;    -0.00 ;     0.03 ;    -0.00 ;    -0.00 ;     0.04 ;    -0.00 ;     0.01 ;     0.00 ;     0.01 ;     0.00 ;     0.03 ;    -0.02 ;     0.01 ;     0.00 ] 
==============================
Iteration     7 | Cost: 1.335273e+00
inputLayerSizeWithBias [1,1] [      4.00 ] 
hiddenLayerSizeWithBias [1,1] [      4.00 ] 
theta1               [3,4] [      0.82,     0.54,     0.89,     0.38 ;     0.78,     0.29,    -0.48,     0.50 ;     0.41,     0.85,     0.39,     0.84 ] 
theta2               [2,4] [     -0.37,     0.78,    -0.43,     0.44 ;     0.01,    -0.29,     0.48,    -0.61 ] 
inputLayerWithBias   [5,4] [      1.00,     1.00,     2.00,     3.00 ;     1.00,     4.00,     5.00,     6.00 ;     1.00,     7.00,     8.00,     9.00 ;     1.00,    10.00,    11.00,    12.00 ;     1.00,    13.00,    14.00,    15.00 ] 
inputTimesTheta1     [3,5] [      4.28,     9.69,    15.11,    20.52,    25.94 ;     1.59,     2.50,     3.40,     4.31,     5.22 ;     4.56,    10.79,    17.02,    23.26,    29.49 ] 
hiddenLayerNoBias    [3,5] [      0.99,     1.00,     1.00,     1.00,     1.00 ;     0.83,     0.92,     0.97,     0.99,     0.99 ;     0.99,     1.00,     1.00,     1.00,     1.00 ] 
hiddenLayerWithBias  [4,5] [      1.00,     1.00,     1.00,     1.00,     1.00 ;     0.99,     1.00,     1.00,     1.00,     1.00 ;     0.83,     0.92,     0.97,     0.99,     0.99 ;     0.99,     1.00,     1.00,     1.00,     1.00 ] 
hiddenTimesTheta2    [2,5] [      0.49,     0.47,     0.45,     0.44,     0.44 ;    -0.48,    -0.44,    -0.42,    -0.41,    -0.41 ] 
outputLayer          [2,5] [      0.62,     0.61,     0.61,     0.61,     0.61 ;     0.38,     0.39,     0.40,     0.40,     0.40 ] 
outputDerivative     [2,5] [      0.00,     0.00,     0.00,     0.00,     0.00 ;     0.00,     0.00,     0.00,     0.00,     0.00 ] 
theta1NoBias         [3,3] [      0.54,     0.89,     0.38 ;     0.29,    -0.48,     0.50 ;     0.85,     0.39,     0.84 ] 
theta2NoBias         [2,3] [      0.78,    -0.43,     0.44 ;    -0.29,     0.48,    -0.61 ] 
cost =  1.3305
hiddenDerivativeWithBias [4,5] [      0.14,     0.14,     0.14,    -0.23,    -0.23 ;    -0.41,    -0.41,    -0.42,     0.65,     0.65 ;     0.35,     0.35,     0.36,    -0.55,    -0.55 ;    -0.40,    -0.41,    -0.41,     0.64,     0.64 ] 
hiddenDerivativeWithBias [4,5] [      0.03,     0.03,     0.03,    -0.04,    -0.04 ;    -0.01,    -0.00,    -0.00,     0.00,     0.00 ;     0.05,     0.02,     0.01,    -0.01,    -0.00 ;    -0.00,    -0.00,    -0.00,     0.00,     0.00 ] 
hiddenDerivativeNoBias [3,5] [     -0.01,    -0.00,    -0.00,     0.00,     0.00 ;     0.05,     0.02,     0.01,    -0.01,    -0.00 ;    -0.00,    -0.00,    -0.00,     0.00,     0.00 ] 
theta1Grad           [3,4] [     -0.00,    -0.00,    -0.00,    -0.00 ;     0.01,     0.02,     0.04,     0.05 ;    -0.00,    -0.00,    -0.00,    -0.00 ] 
theta2Grad           [2,4] [      0.01,     0.01,     0.03,     0.01 ;    -0.01,    -0.01,    -0.03,    -0.01 ] 
grad                 [20,1] [     -0.00 ;     0.01 ;    -0.00 ;    -0.00 ;     0.02 ;    -0.00 ;    -0.00 ;     0.04 ;    -0.00 ;    -0.00 ;     0.05 ;    -0.00 ;     0.01 ;    -0.01 ;     0.01 ;    -0.01 ;     0.03 ;    -0.03 ;     0.01 ;    -0.01 ] 
==============================
inputLayerSizeWithBias [1,1] [      4.00 ] 
hiddenLayerSizeWithBias [1,1] [      4.00 ] 
theta1               [3,4] [      0.82,     0.54,     0.90,     0.41 ;     0.63,     0.46,    -0.46,     0.37 ;     0.42,     0.85,     0.40,     0.84 ] 
theta2               [2,4] [     -0.29,     0.85,    -0.61,     0.51 ;    -0.08,    -0.36,     0.66,    -0.69 ] 
inputLayerWithBias   [5,4] [      1.00,     1.00,     2.00,     3.00 ;     1.00,     4.00,     5.00,     6.00 ;     1.00,     7.00,     8.00,     9.00 ;     1.00,    10.00,    11.00,    12.00 ;     1.00,    13.00,    14.00,    15.00 ] 
inputTimesTheta1     [3,5] [      4.39,     9.95,    15.51,    21.07,    26.62 ;     1.30,     2.43,     3.57,     4.70,     5.84 ;     4.58,    10.83,    17.09,    23.34,    29.59 ] 
hiddenLayerNoBias    [3,5] [      0.99,     1.00,     1.00,     1.00,     1.00 ;     0.79,     0.92,     0.97,     0.99,     1.00 ;     0.99,     1.00,     1.00,     1.00,     1.00 ] 
hiddenLayerWithBias  [4,5] [      1.00,     1.00,     1.00,     1.00,     1.00 ;     0.99,     1.00,     1.00,     1.00,     1.00 ;     0.79,     0.92,     0.97,     0.99,     1.00 ;     0.99,     1.00,     1.00,     1.00,     1.00 ] 
hiddenTimesTheta2    [2,5] [      0.57,     0.50,     0.47,     0.46,     0.46 ;    -0.60,    -0.52,    -0.48,    -0.47,    -0.47 ] 
outputLayer          [2,5] [      0.64,     0.62,     0.62,     0.61,     0.61 ;     0.36,     0.37,     0.38,     0.38,     0.38 ] 
outputDerivative     [2,5] [      0.00,     0.00,     0.00,     0.00,     0.00 ;     0.00,     0.00,     0.00,     0.00,     0.00 ] 
theta1NoBias         [3,3] [      0.54,     0.90,     0.41 ;     0.46,    -0.46,     0.37 ;     0.85,     0.40,     0.84 ] 
theta2NoBias         [2,3] [      0.85,    -0.61,     0.51 ;    -0.36,     0.66,    -0.69 ] 
cost =  1.3198
hiddenDerivativeWithBias [4,5] [      0.08,     0.08,     0.08,    -0.13,    -0.13 ;    -0.43,    -0.45,    -0.46,     0.74,     0.74 ;     0.46,     0.48,     0.49,    -0.78,    -0.78 ;    -0.43,    -0.45,    -0.46,     0.74,     0.74 ] 
hiddenDerivativeWithBias [4,5] [      0.02,     0.02,     0.02,    -0.03,    -0.03 ;    -0.01,    -0.00,    -0.00,     0.00,     0.00 ;     0.08,     0.04,     0.01,    -0.01,    -0.00 ;    -0.00,    -0.00,    -0.00,     0.00,     0.00 ] 
hiddenDerivativeNoBias [3,5] [     -0.01,    -0.00,    -0.00,     0.00,     0.00 ;     0.08,     0.04,     0.01,    -0.01,    -0.00 ;    -0.00,    -0.00,    -0.00,     0.00,     0.00 ] 
theta1Grad           [3,4] [     -0.00,    -0.00,    -0.00,    -0.00 ;     0.02,     0.04,     0.07,     0.09 ;    -0.00,    -0.00,    -0.00,    -0.00 ] 
theta2Grad           [2,4] [      0.02,     0.02,     0.04,     0.02 ;    -0.02,    -0.03,    -0.05,    -0.03 ] 
grad                 [20,1] [     -0.00 ;     0.02 ;    -0.00 ;    -0.00 ;     0.04 ;    -0.00 ;    -0.00 ;     0.07 ;    -0.00 ;    -0.00 ;     0.09 ;    -0.00 ;     0.02 ;    -0.02 ;     0.02 ;    -0.03 ;     0.04 ;    -0.05 ;     0.02 ;    -0.03 ] 
==============================
inputLayerSizeWithBias [1,1] [      4.00 ] 
hiddenLayerSizeWithBias [1,1] [      4.00 ] 
theta1               [3,4] [      0.85,     0.57,     0.95,     0.48 ;     0.18,     0.99,    -0.38,    -0.00 ;     0.42,     0.85,     0.40,     0.85 ] 
theta2               [2,4] [     -0.08,     1.04,    -1.18,     0.73 ;    -0.32,    -0.58,     1.18,    -0.93 ] 
inputLayerWithBias   [5,4] [      1.00,     1.00,     2.00,     3.00 ;     1.00,     4.00,     5.00,     6.00 ;     1.00,     7.00,     8.00,     9.00 ;     1.00,    10.00,    11.00,    12.00 ;     1.00,    13.00,    14.00,    15.00 ] 
inputTimesTheta1     [3,5] [      4.75,    10.73,    16.71,    22.70,    28.68 ;     0.41,     2.24,     4.06,     5.89,     7.71 ;     4.64,    10.96,    17.27,    23.59,    29.91 ] 
hiddenLayerNoBias    [3,5] [      0.99,     1.00,     1.00,     1.00,     1.00 ;     0.60,     0.90,     0.98,     1.00,     1.00 ;     0.99,     1.00,     1.00,     1.00,     1.00 ] 
hiddenLayerWithBias  [4,5] [      1.00,     1.00,     1.00,     1.00,     1.00 ;     0.99,     1.00,     1.00,     1.00,     1.00 ;     0.60,     0.90,     0.98,     1.00,     1.00 ;     0.99,     1.00,     1.00,     1.00,     1.00 ] 
hiddenTimesTheta2    [2,5] [      0.96,     0.62,     0.53,     0.51,     0.51 ;    -1.11,    -0.76,    -0.67,    -0.65,    -0.65 ] 
outputLayer          [2,5] [      0.72,     0.65,     0.63,     0.63,     0.62 ;     0.25,     0.32,     0.34,     0.34,     0.34 ] 
outputDerivative     [2,5] [      0.00,     0.00,     0.00,     0.00,     0.00 ;     0.00,     0.00,     0.00,     0.00,     0.00 ] 
theta1NoBias         [3,3] [      0.57,     0.95,     0.48 ;     0.99,    -0.38,    -0.00 ;     0.85,     0.40,     0.85 ] 
theta2NoBias         [2,3] [      1.04,    -1.18,     0.73 ;    -0.58,     1.18,    -0.93 ] 
cost =  1.2801
hiddenDerivativeWithBias [4,5] [     -0.06,    -0.08,    -0.08,     0.16,     0.16 ;    -0.43,    -0.55,    -0.58,     1.03,     1.03 ;     0.62,     0.79,     0.84,    -1.51,    -1.51 ;    -0.43,    -0.55,    -0.58,     1.06,     1.06 ] 
hiddenDerivativeWithBias [4,5] [     -0.01,    -0.01,    -0.02,     0.03,     0.03 ;    -0.00,    -0.00,    -0.00,     0.00,     0.00 ;     0.15,     0.07,     0.01,    -0.00,    -0.00 ;    -0.00,    -0.00,    -0.00,     0.00,     0.00 ] 
hiddenDerivativeNoBias [3,5] [     -0.00,    -0.00,    -0.00,     0.00,     0.00 ;     0.15,     0.07,     0.01,    -0.00,    -0.00 ;    -0.00,    -0.00,    -0.00,     0.00,     0.00 ] 
theta1Grad           [3,4] [     -0.00,    -0.00,    -0.00,    -0.00 ;     0.05,     0.09,     0.14,     0.18 ;    -0.00,    -0.00,    -0.00,    -0.00 ] 
theta2Grad           [2,4] [      0.05,     0.05,     0.08,     0.05 ;    -0.08,    -0.08,    -0.11,    -0.08 ] 
grad                 [20,1] [     -0.00 ;     0.05 ;    -0.00 ;    -0.00 ;     0.09 ;    -0.00 ;    -0.00 ;     0.14 ;    -0.00 ;    -0.00 ;     0.18 ;    -0.00 ;     0.05 ;    -0.08 ;     0.05 ;    -0.08 ;     0.08 ;    -0.11 ;     0.05 ;    -0.08 ] 
==============================
inputLayerSizeWithBias [1,1] [      4.00 ] 
hiddenLayerSizeWithBias [1,1] [      4.00 ] 
theta1               [3,4] [      0.90,     0.61,     1.05,     0.63 ;    -0.76,     2.10,    -0.22,    -0.78 ;     0.43,     0.85,     0.42,     0.88 ] 
theta2               [2,4] [      0.37,     1.44,    -2.36,     1.17 ;    -0.84,    -1.05,     2.29,    -1.43 ] 
inputLayerWithBias   [5,4] [      1.00,     1.00,     2.00,     3.00 ;     1.00,     4.00,     5.00,     6.00 ;     1.00,     7.00,     8.00,     9.00 ;     1.00,    10.00,    11.00,    12.00 ;     1.00,    13.00,    14.00,    15.00 ] 
inputTimesTheta1     [3,5] [      5.50,    12.37,    19.25,    26.12,    33.00 ;    -1.46,     1.82,     5.10,     8.37,    11.65 ;     4.76,    11.21,    17.67,    24.12,    30.57 ] 
hiddenLayerNoBias    [3,5] [      1.00,     1.00,     1.00,     1.00,     1.00 ;     0.19,     0.86,     0.99,     1.00,     1.00 ;     0.99,     1.00,     1.00,     1.00,     1.00 ] 
hiddenLayerWithBias  [4,5] [      1.00,     1.00,     1.00,     1.00,     1.00 ;     1.00,     1.00,     1.00,     1.00,     1.00 ;     0.19,     0.86,     0.99,     1.00,     1.00 ;     0.99,     1.00,     1.00,     1.00,     1.00 ] 
hiddenTimesTheta2    [2,5] [      2.52,     0.95,     0.64,     0.62,     0.62 ;    -2.87,    -1.35,    -1.05,    -1.03,    -1.03 ] 
outputLayer          [2,5] [      0.93,     0.72,     0.65,     0.65,     0.65 ;     0.05,     0.21,     0.26,     0.26,     0.26 ] 
outputDerivative     [2,5] [      0.00,     0.00,     0.00,     0.00,     0.00 ;     0.00,     0.00,     0.00,     0.00,     0.00 ] 
theta1NoBias         [3,3] [      0.61,     1.05,     0.63 ;     2.10,    -0.22,    -0.78 ;     0.85,     0.42,     0.88 ] 
theta2NoBias         [2,3] [      1.44,    -2.36,     1.17 ;    -1.05,     2.29,    -1.43 ] 
cost =  1.2386
hiddenDerivativeWithBias [4,5] [     -0.07,    -0.28,    -0.35,     0.86,     0.86 ;    -0.16,    -0.62,    -0.77,     1.71,     1.71 ;     0.30,     1.13,     1.41,    -3.22,    -3.22 ;    -0.16,    -0.62,    -0.78,     1.82,     1.82 ] 
hiddenDerivativeWithBias [4,5] [     -0.01,    -0.05,    -0.07,     0.17,     0.17 ;    -0.00,    -0.00,    -0.00,     0.00,     0.00 ;     0.05,     0.14,     0.01,    -0.00,    -0.00 ;    -0.00,    -0.00,    -0.00,     0.00,     0.00 ] 
hiddenDerivativeNoBias [3,5] [     -0.00,    -0.00,    -0.00,     0.00,     0.00 ;     0.05,     0.14,     0.01,    -0.00,    -0.00 ;    -0.00,    -0.00,    -0.00,     0.00,     0.00 ] 
theta1Grad           [3,4] [     -0.00,    -0.00,    -0.00,    -0.00 ;     0.04,     0.13,     0.17,     0.20 ;    -0.00,    -0.00,    -0.00,    -0.00 ] 
theta2Grad           [2,4] [      0.12,     0.12,     0.14,     0.12 ;    -0.19,    -0.19,    -0.21,    -0.19 ] 
grad                 [20,1] [     -0.00 ;     0.04 ;    -0.00 ;    -0.00 ;     0.13 ;    -0.00 ;    -0.00 ;     0.17 ;    -0.00 ;    -0.00 ;     0.20 ;    -0.00 ;     0.12 ;    -0.19 ;     0.12 ;    -0.19 ;     0.14 ;    -0.21 ;     0.12 ;    -0.19 ] 
==============================
Iteration     8 | Cost: 1.238606e+00
inputLayerSizeWithBias [1,1] [      4.00 ] 
hiddenLayerSizeWithBias [1,1] [      4.00 ] 
theta1               [3,4] [      0.96,     0.67,     1.17,     0.81 ;    -1.93,     3.40,    -0.09,    -1.83 ;     0.45,     0.86,     0.44,     0.91 ] 
theta2               [2,4] [      0.88,     1.88,    -3.86,     1.66 ;    -1.40,    -1.54,     3.73,    -1.97 ] 
inputLayerWithBias   [5,4] [      1.00,     1.00,     2.00,     3.00 ;     1.00,     4.00,     5.00,     6.00 ;     1.00,     7.00,     8.00,     9.00 ;     1.00,    10.00,    11.00,    12.00 ;     1.00,    13.00,    14.00,    15.00 ] 
inputTimesTheta1     [3,5] [      6.41,    14.38,    22.35,    30.32,    38.29 ;    -4.20,     0.25,     4.69,     9.14,    13.58 ;     4.92,    11.54,    18.15,    24.77,    31.39 ] 
hiddenLayerNoBias    [3,5] [      1.00,     1.00,     1.00,     1.00,     1.00 ;     0.01,     0.56,     0.99,     1.00,     1.00 ;     0.99,     1.00,     1.00,     1.00,     1.00 ] 
hiddenLayerWithBias  [4,5] [      1.00,     1.00,     1.00,     1.00,     1.00 ;     1.00,     1.00,     1.00,     1.00,     1.00 ;     0.01,     0.56,     0.99,     1.00,     1.00 ;     0.99,     1.00,     1.00,     1.00,     1.00 ] 
hiddenTimesTheta2    [2,5] [      4.35,     2.25,     0.59,     0.55,     0.55 ;    -4.84,    -2.81,    -1.22,    -1.18,    -1.18 ] 
outputLayer          [2,5] [      0.99,     0.90,     0.64,     0.64,     0.64 ;     0.01,     0.06,     0.23,     0.23,     0.23 ] 
outputDerivative     [2,5] [      0.00,     0.00,     0.00,     0.00,     0.00 ;     0.00,     0.00,     0.00,     0.00,     0.00 ] 
theta1NoBias         [3,3] [      0.67,     1.17,     0.81 ;     3.40,    -0.09,    -1.83 ;     0.86,     0.44,     0.91 ] 
theta2NoBias         [2,3] [      1.88,    -3.86,     1.66 ;    -1.54,     3.73,    -1.97 ] 
cost =  1.1595
hiddenDerivativeWithBias [4,5] [     -0.02,    -0.16,    -0.63,     1.63,     1.63 ;    -0.04,    -0.27,    -1.02,     2.37,     2.37 ;     0.08,     0.58,     2.23,    -5.31,    -5.31 ;    -0.04,    -0.27,    -1.04,     2.56,     2.56 ] 
hiddenDerivativeWithBias [4,5] [     -0.00,    -0.03,    -0.12,     0.32,     0.32 ;    -0.00,    -0.00,    -0.00,     0.00,     0.00 ;     0.00,     0.14,     0.02,    -0.00,    -0.00 ;    -0.00,    -0.00,    -0.00,     0.00,     0.00 ] 
hiddenDerivativeNoBias [3,5] [     -0.00,    -0.00,    -0.00,     0.00,     0.00 ;     0.00,     0.14,     0.02,    -0.00,    -0.00 ;    -0.00,    -0.00,    -0.00,     0.00,     0.00 ] 
theta1Grad           [3,4] [     -0.00,    -0.00,    -0.00,    -0.00 ;     0.03,     0.14,     0.17,     0.21 ;    -0.00,    -0.00,    -0.00,    -0.00 ] 
theta2Grad           [2,4] [      0.16,     0.16,     0.17,     0.16 ;    -0.25,    -0.25,    -0.25,    -0.25 ] 
grad                 [20,1] [     -0.00 ;     0.03 ;    -0.00 ;    -0.00 ;     0.14 ;    -0.00 ;    -0.00 ;     0.17 ;    -0.00 ;    -0.00 ;     0.21 ;    -0.00 ;     0.16 ;    -0.25 ;     0.16 ;    -0.25 ;     0.17 ;    -0.25 ;     0.16 ;    -0.25 ] 
==============================
Iteration     9 | Cost: 1.159506e+00
inputLayerSizeWithBias [1,1] [      4.00 ] 
hiddenLayerSizeWithBias [1,1] [      4.00 ] 
theta1               [3,4] [      0.97,     0.68,     1.19,     0.84 ;    -2.10,     3.55,    -0.11,    -2.01 ;     0.45,     0.86,     0.44,     0.92 ] 
theta2               [2,4] [      0.92,     1.91,    -4.11,     1.69 ;    -1.42,    -1.56,     3.98,    -2.00 ] 
inputLayerWithBias   [5,4] [      1.00,     1.00,     2.00,     3.00 ;     1.00,     4.00,     5.00,     6.00 ;     1.00,     7.00,     8.00,     9.00 ;     1.00,    10.00,    11.00,    12.00 ;     1.00,    13.00,    14.00,    15.00 ] 
inputTimesTheta1     [3,5] [      6.54,    14.66,    22.79,    30.91,    39.03 ;    -4.81,    -0.53,     3.76,     8.04,    12.33 ;     4.94,    11.58,    18.22,    24.86,    31.51 ] 
hiddenLayerNoBias    [3,5] [      1.00,     1.00,     1.00,     1.00,     1.00 ;     0.01,     0.37,     0.98,     1.00,     1.00 ;     0.99,     1.00,     1.00,     1.00,     1.00 ] 
hiddenLayerWithBias  [4,5] [      1.00,     1.00,     1.00,     1.00,     1.00 ;     1.00,     1.00,     1.00,     1.00,     1.00 ;     0.01,     0.37,     0.98,     1.00,     1.00 ;     0.99,     1.00,     1.00,     1.00,     1.00 ] 
hiddenTimesTheta2    [2,5] [      4.47,     2.99,     0.50,     0.41,     0.41 ;    -4.93,    -3.50,    -1.09,    -1.00,    -1.00 ] 
outputLayer          [2,5] [      0.99,     0.95,     0.62,     0.60,     0.60 ;     0.01,     0.03,     0.25,     0.27,     0.27 ] 
outputDerivative     [2,5] [      0.00,     0.00,     0.00,     0.00,     0.00 ;     0.00,     0.00,     0.00,     0.00,     0.00 ] 
theta1NoBias         [3,3] [      0.68,     1.19,     0.84 ;     3.55,    -0.11,    -2.01 ;     0.86,     0.44,     0.92 ] 
theta2NoBias         [2,3] [      1.91,    -4.11,     1.69 ;    -1.56,     3.98,    -2.00 ] 
cost =  1.0649
hiddenDerivativeWithBias [4,5] [     -0.02,    -0.09,    -0.70,     1.59,     1.59 ;    -0.03,    -0.14,    -1.11,     2.29,     2.28 ;     0.08,     0.31,     2.55,    -5.38,    -5.38 ;    -0.03,    -0.14,    -1.14,     2.48,     2.48 ] 
hiddenDerivativeWithBias [4,5] [     -0.00,    -0.02,    -0.14,     0.31,     0.31 ;    -0.00,    -0.00,    -0.00,     0.00,     0.00 ;     0.00,     0.07,     0.06,    -0.00,    -0.00 ;    -0.00,    -0.00,    -0.00,     0.00,     0.00 ] 
hiddenDerivativeNoBias [3,5] [     -0.00,    -0.00,    -0.00,     0.00,     0.00 ;     0.00,     0.07,     0.06,    -0.00,    -0.00 ;    -0.00,    -0.00,    -0.00,     0.00,     0.00 ] 
theta1Grad           [3,4] [     -0.00,    -0.00,    -0.00,    -0.00 ;     0.03,     0.13,     0.16,     0.19 ;    -0.00,    -0.00,    -0.00,    -0.00 ] 
theta2Grad           [2,4] [      0.15,     0.15,     0.16,     0.15 ;    -0.23,    -0.23,    -0.24,    -0.23 ] 
grad                 [20,1] [     -0.00 ;     0.03 ;    -0.00 ;    -0.00 ;     0.13 ;    -0.00 ;    -0.00 ;     0.16 ;    -0.00 ;    -0.00 ;     0.19 ;    -0.00 ;     0.15 ;    -0.23 ;     0.15 ;    -0.23 ;     0.16 ;    -0.24 ;     0.15 ;    -0.23 ] 
==============================
inputLayerSizeWithBias [1,1] [      4.00 ] 
hiddenLayerSizeWithBias [1,1] [      4.00 ] 
theta1               [3,4] [      0.99,     0.70,     1.22,     0.89 ;    -2.44,     3.85,    -0.14,    -2.39 ;     0.45,     0.86,     0.45,     0.93 ] 
theta2               [2,4] [      0.99,     1.97,    -4.60,     1.76 ;    -1.47,    -1.59,     4.48,    -2.05 ] 
inputLayerWithBias   [5,4] [      1.00,     1.00,     2.00,     3.00 ;     1.00,     4.00,     5.00,     6.00 ;     1.00,     7.00,     8.00,     9.00 ;     1.00,    10.00,    11.00,    12.00 ;     1.00,    13.00,    14.00,    15.00 ] 
inputTimesTheta1     [3,5] [      6.80,    15.22,    23.65,    32.08,    40.51 ;    -6.04,    -2.08,     1.89,     5.85,     9.82 ;     4.98,    11.67,    18.36,    25.05,    31.74 ] 
hiddenLayerNoBias    [3,5] [      1.00,     1.00,     1.00,     1.00,     1.00 ;     0.00,     0.11,     0.87,     1.00,     1.00 ;     0.99,     1.00,     1.00,     1.00,     1.00 ] 
hiddenLayerWithBias  [4,5] [      1.00,     1.00,     1.00,     1.00,     1.00 ;     1.00,     1.00,     1.00,     1.00,     1.00 ;     0.00,     0.11,     0.87,     1.00,     1.00 ;     0.99,     1.00,     1.00,     1.00,     1.00 ] 
hiddenTimesTheta2    [2,5] [      4.70,     4.21,     0.73,     0.13,     0.12 ;    -5.09,    -4.61,    -1.22,    -0.64,    -0.63 ] 
outputLayer          [2,5] [      0.99,     0.99,     0.67,     0.53,     0.53 ;     0.01,     0.01,     0.23,     0.34,     0.35 ] 
outputDerivative     [2,5] [      0.00,     0.00,     0.00,     0.00,     0.00 ;     0.00,     0.00,     0.00,     0.00,     0.00 ] 
theta1NoBias         [3,3] [      0.70,     1.22,     0.89 ;     3.85,    -0.14,    -2.39 ;     0.86,     0.45,     0.93 ] 
theta2NoBias         [2,3] [      1.97,    -4.60,     1.76 ;    -1.59,     4.48,    -2.05 ] 
cost =  0.86688
hiddenDerivativeWithBias [4,5] [     -0.02,    -0.03,    -0.66,     1.50,     1.49 ;    -0.03,    -0.04,    -1.00,     2.09,     2.08 ;     0.07,     0.11,     2.52,    -5.39,    -5.36 ;    -0.03,    -0.05,    -1.04,     2.28,     2.27 ] 
hiddenDerivativeWithBias [4,5] [     -0.00,    -0.01,    -0.13,     0.29,     0.29 ;    -0.00,    -0.00,    -0.00,     0.00,     0.00 ;     0.00,     0.01,     0.29,    -0.02,    -0.00 ;    -0.00,    -0.00,    -0.00,     0.00,     0.00 ] 
hiddenDerivativeNoBias [3,5] [     -0.00,    -0.00,    -0.00,     0.00,     0.00 ;     0.00,     0.01,     0.29,    -0.02,    -0.00 ;    -0.00,    -0.00,    -0.00,     0.00,     0.00 ] 
theta1Grad           [3,4] [     -0.00,    -0.00,    -0.00,    -0.00 ;     0.06,     0.38,     0.44,     0.49 ;    -0.00,    -0.00,    -0.00,    -0.00 ] 
theta2Grad           [2,4] [      0.14,     0.14,     0.16,     0.14 ;    -0.21,    -0.21,    -0.22,    -0.21 ] 
grad                 [20,1] [     -0.00 ;     0.06 ;    -0.00 ;    -0.00 ;     0.38 ;    -0.00 ;    -0.00 ;     0.44 ;    -0.00 ;    -0.00 ;     0.49 ;    -0.00 ;     0.14 ;    -0.21 ;     0.14 ;    -0.21 ;     0.16 ;    -0.22 ;     0.14 ;    -0.21 ] 
==============================
inputLayerSizeWithBias [1,1] [      4.00 ] 
hiddenLayerSizeWithBias [1,1] [      4.00 ] 
theta1               [3,4] [      1.04,     0.75,     1.32,     1.04 ;    -3.46,     4.77,    -0.25,    -3.51 ;     0.46,     0.86,     0.46,     0.95 ] 
theta2               [2,4] [      1.22,     2.14,    -6.07,     1.98 ;    -1.63,    -1.70,     6.00,    -2.19 ] 
inputLayerWithBias   [5,4] [      1.00,     1.00,     2.00,     3.00 ;     1.00,     4.00,     5.00,     6.00 ;     1.00,     7.00,     8.00,     9.00 ;     1.00,    10.00,    11.00,    12.00 ;     1.00,    13.00,    14.00,    15.00 ] 
inputTimesTheta1     [3,5] [      7.56,    16.90,    26.25,    35.59,    44.93 ;    -9.74,    -6.73,    -3.73,    -0.72,     2.28 ;     5.11,    11.94,    18.77,    25.60,    32.43 ] 
hiddenLayerNoBias    [3,5] [      1.00,     1.00,     1.00,     1.00,     1.00 ;     0.00,     0.00,     0.02,     0.33,     0.91 ;     0.99,     1.00,     1.00,     1.00,     1.00 ] 
hiddenLayerWithBias  [4,5] [      1.00,     1.00,     1.00,     1.00,     1.00 ;     1.00,     1.00,     1.00,     1.00,     1.00 ;     0.00,     0.00,     0.02,     0.33,     0.91 ;     0.99,     1.00,     1.00,     1.00,     1.00 ] 
hiddenTimesTheta2    [2,5] [      5.31,     5.32,     5.18,     3.34,    -0.18 ;    -5.51,    -5.51,    -5.38,    -3.56,    -0.08 ] 
outputLayer          [2,5] [      1.00,     1.00,     0.99,     0.97,     0.45 ;     0.00,     0.00,     0.00,     0.03,     0.48 ] 
outputDerivative     [2,5] [      0.00,     0.00,     0.00,     0.00,     0.00 ;     0.00,     0.00,     0.00,     0.00,     0.00 ] 
theta1NoBias         [3,3] [      0.75,     1.32,     1.04 ;     4.77,    -0.25,    -3.51 ;     0.86,     0.46,     0.95 ] 
theta2NoBias         [2,3] [      2.14,    -6.07,     1.98 ;    -1.70,     6.00,    -2.19 ] 
cost =  1.6662
hiddenDerivativeWithBias [4,5] [     -0.01,    -0.01,    -0.01,     2.76,     1.40 ;    -0.02,    -0.02,    -0.02,     3.71,     1.85 ;     0.05,     0.05,     0.06,   -11.69,    -5.87 ;    -0.02,    -0.02,    -0.02,     4.04,     2.04 ] 
hiddenDerivativeWithBias [4,5] [     -0.00,    -0.00,    -0.00,     0.54,     0.28 ;    -0.00,    -0.00,    -0.00,     0.00,     0.00 ;     0.00,     0.00,     0.00,    -2.57,    -0.49 ;    -0.00,    -0.00,    -0.00,     0.00,     0.00 ] 
hiddenDerivativeNoBias [3,5] [     -0.00,    -0.00,    -0.00,     0.00,     0.00 ;     0.00,     0.00,     0.00,    -2.57,    -0.49 ;    -0.00,    -0.00,    -0.00,     0.00,     0.00 ] 
theta1Grad           [3,4] [     -0.00,    -0.00,    -0.00,    -0.00 ;    -0.61,    -6.42,    -7.04,    -7.65 ;    -0.00,    -0.00,    -0.00,    -0.00 ] 
theta2Grad           [2,4] [      0.28,     0.28,     0.15,     0.28 ;    -0.30,    -0.30,    -0.16,    -0.30 ] 
grad                 [20,1] [     -0.00 ;    -0.61 ;    -0.00 ;    -0.00 ;    -6.42 ;    -0.00 ;    -0.00 ;    -7.04 ;    -0.00 ;    -0.00 ;    -7.65 ;    -0.00 ;     0.28 ;    -0.30 ;     0.28 ;    -0.30 ;     0.15 ;    -0.16 ;     0.28 ;    -0.30 ] 
==============================
inputLayerSizeWithBias [1,1] [      4.00 ] 
hiddenLayerSizeWithBias [1,1] [      4.00 ] 
theta1               [3,4] [      1.00,     0.71,     1.24,     0.93 ;    -2.68,     4.07,    -0.17,    -2.65 ;     0.46,     0.86,     0.45,     0.93 ] 
theta2               [2,4] [      1.04,     2.01,    -4.94,     1.81 ;    -1.51,    -1.62,     4.84,    -2.08 ] 
inputLayerWithBias   [5,4] [      1.00,     1.00,     2.00,     3.00 ;     1.00,     4.00,     5.00,     6.00 ;     1.00,     7.00,     8.00,     9.00 ;     1.00,    10.00,    11.00,    12.00 ;     1.00,    13.00,    14.00,    15.00 ] 
inputTimesTheta1     [3,5] [      6.98,    15.62,    24.26,    32.90,    41.54 ;    -6.91,    -3.17,     0.57,     4.31,     8.05 ;     5.01,    11.73,    18.45,    25.18,    31.90 ] 
hiddenLayerNoBias    [3,5] [      1.00,     1.00,     1.00,     1.00,     1.00 ;     0.00,     0.04,     0.64,     0.99,     1.00 ;     0.99,     1.00,     1.00,     1.00,     1.00 ] 
hiddenLayerWithBias  [4,5] [      1.00,     1.00,     1.00,     1.00,     1.00 ;     1.00,     1.00,     1.00,     1.00,     1.00 ;     0.00,     0.04,     0.64,     0.99,     1.00 ;     0.99,     1.00,     1.00,     1.00,     1.00 ] 
hiddenTimesTheta2    [2,5] [      4.84,     4.66,     1.70,    -0.02,    -0.08 ;    -5.19,    -5.01,    -2.12,    -0.44,    -0.37 ] 
outputLayer          [2,5] [      0.99,     0.99,     0.85,     0.50,     0.48 ;     0.01,     0.01,     0.11,     0.39,     0.41 ] 
outputDerivative     [2,5] [      0.00,     0.00,     0.00,     0.00,     0.00 ;     0.00,     0.00,     0.00,     0.00,     0.00 ] 
theta1NoBias         [3,3] [      0.71,     1.24,     0.93 ;     4.07,    -0.17,    -2.65 ;     0.86,     0.45,     0.93 ] 
theta2NoBias         [2,3] [      2.01,    -4.94,     1.81 ;    -1.62,     4.84,    -2.08 ] 
cost =  0.69633
hiddenDerivativeWithBias [4,5] [     -0.02,    -0.02,    -0.32,     1.44,     1.40 ;    -0.02,    -0.03,    -0.48,     1.98,     1.92 ;     0.07,     0.08,     1.28,    -5.39,    -5.24 ;    -0.03,    -0.03,    -0.50,     2.16,     2.10 ] 
hiddenDerivativeWithBias [4,5] [     -0.00,    -0.00,    -0.06,     0.28,     0.27 ;    -0.00,    -0.00,    -0.00,     0.00,     0.00 ;     0.00,     0.00,     0.30,    -0.07,    -0.00 ;    -0.00,    -0.00,    -0.00,     0.00,     0.00 ] 
hiddenDerivativeNoBias [3,5] [     -0.00,    -0.00,    -0.00,     0.00,     0.00 ;     0.00,     0.00,     0.30,    -0.07,    -0.00 ;    -0.00,    -0.00,    -0.00,     0.00,     0.00 ] 
theta1Grad           [3,4] [     -0.00,    -0.00,    -0.00,    -0.00 ;     0.05,     0.27,     0.32,     0.36 ;    -0.00,    -0.00,    -0.00,    -0.00 ] 
theta2Grad           [2,4] [      0.16,     0.16,     0.17,     0.16 ;    -0.22,    -0.22,    -0.22,    -0.22 ] 
grad                 [20,1] [     -0.00 ;     0.05 ;    -0.00 ;    -0.00 ;     0.27 ;    -0.00 ;    -0.00 ;     0.32 ;    -0.00 ;    -0.00 ;     0.36 ;    -0.00 ;     0.16 ;    -0.22 ;     0.16 ;    -0.22 ;     0.17 ;    -0.22 ;     0.16 ;    -0.22 ] 
==============================
inputLayerSizeWithBias [1,1] [      4.00 ] 
hiddenLayerSizeWithBias [1,1] [      4.00 ] 
theta1               [3,4] [      1.04,     0.74,     1.31,     1.03 ;    -3.39,     4.70,    -0.24,    -3.43 ;     0.46,     0.86,     0.46,     0.95 ] 
theta2               [2,4] [      1.20,     2.12,    -5.96,     1.96 ;    -1.62,    -1.69,     5.88,    -2.18 ] 
inputLayerWithBias   [5,4] [      1.00,     1.00,     2.00,     3.00 ;     1.00,     4.00,     5.00,     6.00 ;     1.00,     7.00,     8.00,     9.00 ;     1.00,    10.00,    11.00,    12.00 ;     1.00,    13.00,    14.00,    15.00 ] 
inputTimesTheta1     [3,5] [      7.50,    16.78,    26.05,    35.32,    44.59 ;    -9.46,    -6.38,    -3.30,    -0.22,     2.86 ;     5.10,    11.92,    18.74,    25.55,    32.37 ] 
hiddenLayerNoBias    [3,5] [      1.00,     1.00,     1.00,     1.00,     1.00 ;     0.00,     0.00,     0.04,     0.45,     0.95 ;     0.99,     1.00,     1.00,     1.00,     1.00 ] 
hiddenLayerWithBias  [4,5] [      1.00,     1.00,     1.00,     1.00,     1.00 ;     1.00,     1.00,     1.00,     1.00,     1.00 ;     0.00,     0.00,     0.04,     0.45,     0.95 ;     0.99,     1.00,     1.00,     1.00,     1.00 ] 
hiddenTimesTheta2    [2,5] [      5.27,     5.27,     5.07,     2.62,    -0.35 ;    -5.47,    -5.48,    -5.28,    -2.87,     0.07 ] 
outputLayer          [2,5] [      0.99,     0.99,     0.99,     0.93,     0.41 ;     0.00,     0.00,     0.01,     0.05,     0.52 ] 
outputDerivative     [2,5] [      0.00,     0.00,     0.00,     0.00,     0.00 ;     0.00,     0.00,     0.00,     0.00,     0.00 ] 
theta1NoBias         [3,3] [      0.74,     1.31,     1.03 ;     4.70,    -0.24,    -3.43 ;     0.86,     0.46,     0.95 ] 
theta2NoBias         [2,3] [      2.12,    -5.96,     1.96 ;    -1.69,     5.88,    -2.18 ] 
cost =  1.3675
hiddenDerivativeWithBias [4,5] [     -0.01,    -0.01,    -0.02,     2.65,     1.27 ;    -0.02,    -0.02,    -0.02,     3.58,     1.69 ;     0.06,     0.05,     0.07,   -11.12,    -5.29 ;    -0.02,    -0.02,    -0.02,     3.89,     1.86 ] 
hiddenDerivativeWithBias [4,5] [     -0.00,    -0.00,    -0.00,     0.52,     0.25 ;    -0.00,    -0.00,    -0.00,     0.00,     0.00 ;     0.00,     0.00,     0.00,    -2.75,    -0.27 ;    -0.00,    -0.00,    -0.00,     0.00,     0.00 ] 
hiddenDerivativeNoBias [3,5] [     -0.00,    -0.00,    -0.00,     0.00,     0.00 ;     0.00,     0.00,     0.00,    -2.75,    -0.27 ;    -0.00,    -0.00,    -0.00,     0.00,     0.00 ] 
theta1Grad           [3,4] [     -0.00,    -0.00,    -0.00,    -0.00 ;    -0.60,    -6.19,    -6.80,    -7.40 ;    -0.00,    -0.00,    -0.00,    -0.00 ] 
theta2Grad           [2,4] [      0.27,     0.27,     0.16,     0.27 ;    -0.28,    -0.28,    -0.18,    -0.28 ] 
grad                 [20,1] [     -0.00 ;    -0.60 ;    -0.00 ;    -0.00 ;    -6.19 ;    -0.00 ;    -0.00 ;    -6.80 ;    -0.00 ;    -0.00 ;    -7.40 ;    -0.00 ;     0.27 ;    -0.28 ;     0.27 ;    -0.28 ;     0.16 ;    -0.18 ;     0.27 ;    -0.28 ] 
==============================
inputLayerSizeWithBias [1,1] [      4.00 ] 
hiddenLayerSizeWithBias [1,1] [      4.00 ] 
theta1               [3,4] [      1.01,     0.72,     1.26,     0.95 ;    -2.82,     4.19,    -0.18,    -2.81 ;     0.46,     0.86,     0.45,     0.94 ] 
theta2               [2,4] [      1.08,     2.03,    -5.15,     1.84 ;    -1.53,    -1.63,     5.05,    -2.10 ] 
inputLayerWithBias   [5,4] [      1.00,     1.00,     2.00,     3.00 ;     1.00,     4.00,     5.00,     6.00 ;     1.00,     7.00,     8.00,     9.00 ;     1.00,    10.00,    11.00,    12.00 ;     1.00,    13.00,    14.00,    15.00 ] 
inputTimesTheta1     [3,5] [      7.08,    15.85,    24.62,    33.38,    42.15 ;    -7.42,    -3.81,    -0.20,     3.41,     7.01 ;     5.03,    11.77,    18.51,    25.25,    31.99 ] 
hiddenLayerNoBias    [3,5] [      1.00,     1.00,     1.00,     1.00,     1.00 ;     0.00,     0.02,     0.45,     0.97,     1.00 ;     0.99,     1.00,     1.00,     1.00,     1.00 ] 
hiddenLayerWithBias  [4,5] [      1.00,     1.00,     1.00,     1.00,     1.00 ;     1.00,     1.00,     1.00,     1.00,     1.00 ;     0.00,     0.02,     0.45,     0.97,     1.00 ;     0.99,     1.00,     1.00,     1.00,     1.00 ] 
hiddenTimesTheta2    [2,5] [      4.93,     4.83,     2.63,    -0.03,    -0.20 ;    -5.25,    -5.15,    -3.00,    -0.38,    -0.22 ] 
outputLayer          [2,5] [      0.99,     0.99,     0.93,     0.49,     0.45 ;     0.01,     0.01,     0.05,     0.41,     0.44 ] 
outputDerivative     [2,5] [      0.00,     0.00,     0.00,     0.00,     0.00 ;     0.00,     0.00,     0.00,     0.00,     0.00 ] 
theta1NoBias         [3,3] [      0.72,     1.26,     0.95 ;     4.19,    -0.18,    -2.81 ;     0.86,     0.45,     0.94 ] 
theta2NoBias         [2,3] [      2.03,    -5.15,     1.84 ;    -1.63,     5.05,    -2.10 ] 
cost =  0.62658
hiddenDerivativeWithBias [4,5] [     -0.02,    -0.02,    -0.15,     1.44,     1.34 ;    -0.02,    -0.03,    -0.21,     1.97,     1.82 ;     0.06,     0.07,     0.59,    -5.53,    -5.13 ;    -0.02,    -0.03,    -0.22,     2.15,     2.00 ] 
hiddenDerivativeWithBias [4,5] [     -0.00,    -0.00,    -0.03,     0.28,     0.26 ;    -0.00,    -0.00,    -0.00,     0.00,     0.00 ;     0.00,     0.00,     0.14,    -0.17,    -0.00 ;    -0.00,    -0.00,    -0.00,     0.00,     0.00 ] 
hiddenDerivativeNoBias [3,5] [     -0.00,    -0.00,    -0.00,     0.00,     0.00 ;     0.00,     0.00,     0.14,    -0.17,    -0.00 ;    -0.00,    -0.00,    -0.00,     0.00,     0.00 ] 
theta1Grad           [3,4] [     -0.00,    -0.00,    -0.00,    -0.00 ;    -0.01,    -0.15,    -0.16,    -0.16 ;    -0.00,    -0.00,    -0.00,    -0.00 ] 
theta2Grad           [2,4] [      0.17,     0.17,     0.18,     0.17 ;    -0.22,    -0.22,    -0.22,    -0.22 ] 
grad                 [20,1] [     -0.00 ;    -0.01 ;    -0.00 ;    -0.00 ;    -0.15 ;    -0.00 ;    -0.00 ;    -0.16 ;    -0.00 ;    -0.00 ;    -0.16 ;    -0.00 ;     0.17 ;    -0.22 ;     0.17 ;    -0.22 ;     0.18 ;    -0.22 ;     0.17 ;    -0.22 ] 
==============================
inputLayerSizeWithBias [1,1] [      4.00 ] 
hiddenLayerSizeWithBias [1,1] [      4.00 ] 
theta1               [3,4] [      1.03,     0.74,     1.31,     1.02 ;    -3.33,     4.65,    -0.24,    -3.37 ;     0.46,     0.86,     0.46,     0.95 ] 
theta2               [2,4] [      1.19,     2.11,    -5.88,     1.95 ;    -1.61,    -1.68,     5.80,    -2.17 ] 
inputLayerWithBias   [5,4] [      1.00,     1.00,     2.00,     3.00 ;     1.00,     4.00,     5.00,     6.00 ;     1.00,     7.00,     8.00,     9.00 ;     1.00,    10.00,    11.00,    12.00 ;     1.00,    13.00,    14.00,    15.00 ] 
inputTimesTheta1     [3,5] [      7.46,    16.68,    25.90,    35.12,    44.35 ;    -9.25,    -6.12,    -2.99,     0.14,     3.28 ;     5.09,    11.90,    18.71,    25.52,    32.33 ] 
hiddenLayerNoBias    [3,5] [      1.00,     1.00,     1.00,     1.00,     1.00 ;     0.00,     0.00,     0.05,     0.54,     0.96 ;     0.99,     1.00,     1.00,     1.00,     1.00 ] 
hiddenLayerWithBias  [4,5] [      1.00,     1.00,     1.00,     1.00,     1.00 ;     1.00,     1.00,     1.00,     1.00,     1.00 ;     0.00,     0.00,     0.05,     0.54,     0.96 ;     0.99,     1.00,     1.00,     1.00,     1.00 ] 
hiddenTimesTheta2    [2,5] [      5.23,     5.23,     4.96,     2.10,    -0.42 ;    -5.45,    -5.45,    -5.19,    -2.36,     0.12 ] 
outputLayer          [2,5] [      0.99,     0.99,     0.99,     0.89,     0.40 ;     0.00,     0.00,     0.01,     0.09,     0.53 ] 
outputDerivative     [2,5] [      0.00,     0.00,     0.00,     0.00,     0.00 ;     0.00,     0.00,     0.00,     0.00,     0.00 ] 
theta1NoBias         [3,3] [      0.74,     1.31,     1.02 ;     4.65,    -0.24,    -3.37 ;     0.86,     0.46,     0.95 ] 
theta2NoBias         [2,3] [      2.11,    -5.88,     1.95 ;    -1.68,     5.80,    -2.17 ] 
cost =  1.1673
hiddenDerivativeWithBias [4,5] [     -0.01,    -0.01,    -0.02,     2.53,     1.23 ;    -0.02,    -0.02,    -0.02,     3.42,     1.63 ;     0.06,     0.06,     0.07,   -10.53,    -5.06 ;    -0.02,    -0.02,    -0.03,     3.72,     1.80 ] 
hiddenDerivativeWithBias [4,5] [     -0.00,    -0.00,    -0.00,     0.50,     0.24 ;    -0.00,    -0.00,    -0.00,     0.00,     0.00 ;     0.00,     0.00,     0.00,    -2.62,    -0.18 ;    -0.00,    -0.00,    -0.00,     0.00,     0.00 ] 
hiddenDerivativeNoBias [3,5] [     -0.00,    -0.00,    -0.00,     0.00,     0.00 ;     0.00,     0.00,     0.00,    -2.62,    -0.18 ;    -0.00,    -0.00,    -0.00,     0.00,     0.00 ] 
theta1Grad           [3,4] [     -0.00,    -0.00,    -0.00,    -0.00 ;    -0.56,    -5.69,    -6.25,    -6.81 ;    -0.00,    -0.00,    -0.00,    -0.00 ] 
theta2Grad           [2,4] [      0.25,     0.25,     0.17,     0.25 ;    -0.27,    -0.27,    -0.19,    -0.27 ] 
grad                 [20,1] [     -0.00 ;    -0.56 ;    -0.00 ;    -0.00 ;    -5.69 ;    -0.00 ;    -0.00 ;    -6.25 ;    -0.00 ;    -0.00 ;    -6.81 ;    -0.00 ;     0.25 ;    -0.27 ;     0.25 ;    -0.27 ;     0.17 ;    -0.19 ;     0.25 ;    -0.27 ] 
==============================
inputLayerSizeWithBias [1,1] [      4.00 ] 
hiddenLayerSizeWithBias [1,1] [      4.00 ] 
theta1               [3,4] [      1.01,     0.72,     1.26,     0.96 ;    -2.88,     4.25,    -0.19,    -2.87 ;     0.46,     0.86,     0.45,     0.94 ] 
theta2               [2,4] [      1.09,     2.04,    -5.23,     1.85 ;    -1.54,    -1.64,     5.13,    -2.11 ] 
inputLayerWithBias   [5,4] [      1.00,     1.00,     2.00,     3.00 ;     1.00,     4.00,     5.00,     6.00 ;     1.00,     7.00,     8.00,     9.00 ;     1.00,    10.00,    11.00,    12.00 ;     1.00,    13.00,    14.00,    15.00 ] 
inputTimesTheta1     [3,5] [      7.13,    15.95,    24.77,    33.59,    42.41 ;    -7.64,    -4.08,    -0.53,     3.02,     6.57 ;     5.04,    11.79,    18.53,    25.28,    32.03 ] 
hiddenLayerNoBias    [3,5] [      1.00,     1.00,     1.00,     1.00,     1.00 ;     0.00,     0.02,     0.37,     0.95,     1.00 ;     0.99,     1.00,     1.00,     1.00,     1.00 ] 
hiddenLayerWithBias  [4,5] [      1.00,     1.00,     1.00,     1.00,     1.00 ;     1.00,     1.00,     1.00,     1.00,     1.00 ;     0.00,     0.02,     0.37,     0.95,     1.00 ;     0.99,     1.00,     1.00,     1.00,     1.00 ] 
hiddenTimesTheta2    [2,5] [      4.97,     4.90,     3.04,    -0.01,    -0.24 ;    -5.27,    -5.20,    -3.39,    -0.39,    -0.16 ] 
outputLayer          [2,5] [      0.99,     0.99,     0.95,     0.50,     0.44 ;     0.01,     0.01,     0.03,     0.40,     0.46 ] 
outputDerivative     [2,5] [      0.00,     0.00,     0.00,     0.00,     0.00 ;     0.00,     0.00,     0.00,     0.00,     0.00 ] 
theta1NoBias         [3,3] [      0.72,     1.26,     0.96 ;     4.25,    -0.19,    -2.87 ;     0.86,     0.45,     0.94 ] 
theta2NoBias         [2,3] [      2.04,    -5.23,     1.85 ;    -1.64,     5.13,    -2.11 ] 
cost =  0.61170
hiddenDerivativeWithBias [4,5] [     -0.02,    -0.02,    -0.10,     1.46,     1.31 ;    -0.02,    -0.02,    -0.15,     1.99,     1.78 ;     0.06,     0.07,     0.41,    -5.67,    -5.07 ;    -0.02,    -0.03,    -0.15,     2.18,     1.95 ] 
hiddenDerivativeWithBias [4,5] [     -0.00,    -0.00,    -0.02,     0.29,     0.26 ;    -0.00,    -0.00,    -0.00,     0.00,     0.00 ;     0.00,     0.00,     0.09,    -0.25,    -0.01 ;    -0.00,    -0.00,    -0.00,     0.00,     0.00 ] 
hiddenDerivativeNoBias [3,5] [     -0.00,    -0.00,    -0.00,     0.00,     0.00 ;     0.00,     0.00,     0.09,    -0.25,    -0.01 ;    -0.00,    -0.00,    -0.00,     0.00,     0.00 ] 
theta1Grad           [3,4] [     -0.00,    -0.00,    -0.00,    -0.00 ;    -0.03,    -0.39,    -0.42,    -0.45 ;    -0.00,    -0.00,    -0.00,    -0.00 ] 
theta2Grad           [2,4] [      0.18,     0.18,     0.18,     0.18 ;    -0.22,    -0.22,    -0.22,    -0.22 ] 
grad                 [20,1] [     -0.00 ;    -0.03 ;    -0.00 ;    -0.00 ;    -0.39 ;    -0.00 ;    -0.00 ;    -0.42 ;    -0.00 ;    -0.00 ;    -0.45 ;    -0.00 ;     0.18 ;    -0.22 ;     0.18 ;    -0.22 ;     0.18 ;    -0.22 ;     0.18 ;    -0.22 ] 
==============================
Iteration    10 | Cost: 6.117018e-01
cost =

   1.37306
   1.35338
   1.34767
   1.34006
   1.33919
   1.33602
   1.33527
   1.23861
   1.15951
   0.61170

Theta1 =

   0.683706   0.388737   0.607028  -0.025844
   0.986085   0.210347  -0.357101   0.828046
   0.199408   0.572568  -0.092144   0.136411

Theta2 =

  -0.458961   0.834980  -0.124301   0.582992
   0.345851  -0.095469   0.425006  -0.506634

